nodes
0 1 0
1 3 0
2 12 0
3 35 0
4 40 0
5 56 0
6 63 0
7 67 0
8 75 0
9 83 0
10 88 0
11 92 0
12 105 0
13 124 0
14 134 0
15 148 0
16 155 0
17 181 0
18 186 0
19 199 0
20 257 0
21 267 0
22 289 0
23 294 0
24 305 0
25 307 0
26 310 0
27 345 0
28 346 0
29 389 0
30 395 0
31 2 0
32 33 0
33 39 0
34 44 0
35 71 0
36 76 0
37 79 0
38 102 0
39 110 0
40 111 0
41 135 0
42 137 0
43 149 0
44 172 0
45 209 0
46 211 0
47 222 0
48 224 0
49 228 0
50 238 0
51 271 0
52 276 0
53 290 0
54 298 0
55 304 0
56 311 0
57 320 0
58 325 0
59 329 0
60 380 0
61 60 0
62 72 0
63 86 0
64 90 0
65 120 0
66 157 0
67 196 0
68 216 0
69 221 0
70 334 0
71 360 0
72 376 0
73 383 0
74 388 0
75 4 0
76 23 0
77 25 0
78 43 0
79 62 0
80 73 0
81 80 0
82 101 0
83 161 0
84 207 0
85 230 0
86 254 0
87 259 0
88 278 0
89 297 0
90 300 0
91 327 0
92 337 0
93 392 0
94 396 0
95 5 0
96 47 0
97 50 0
98 54 0
99 57 0
100 78 0
101 89 0
102 108 0
103 129 0
104 136 0
105 156 0
106 164 0
107 182 0
108 194 0
109 198 0
110 203 0
111 204 0
112 245 0
113 246 0
114 287 0
115 296 0
116 306 0
117 317 0
118 319 0
119 382 0
120 386 0
121 390 0
122 6 0
123 8 0
124 24 0
125 46 0
126 48 0
127 81 0
128 94 0
129 96 0
130 106 0
131 116 0
132 147 0
133 178 0
134 188 0
135 220 0
136 227 0
137 240 0
138 244 0
139 255 0
140 261 0
141 274 0
142 291 0
143 299 0
144 309 0
145 314 0
146 365 0
147 381 0
148 398 0
149 7 0
150 64 0
151 66 0
152 82 0
153 98 0
154 131 0
155 132 0
156 145 0
157 165 0
158 173 0
159 184 0
160 187 0
161 210 0
162 219 0
163 223 0
164 225 0
165 233 0
166 242 0
167 252 0
168 288 0
169 321 0
170 342 0
171 347 0
172 351 0
173 363 0
174 369 0
175 372 0
176 373 0
177 17 0
178 36 0
179 37 0
180 45 0
181 68 0
182 77 0
183 170 0
184 237 0
185 282 0
186 283 0
187 292 0
188 316 0
189 318 0
190 341 0
191 9 0
192 41 0
193 70 0
194 91 0
195 126 0
196 167 0
197 183 0
198 218 0
199 229 0
200 275 0
201 286 0
202 303 0
203 328 0
204 391 0
205 10 0
206 15 0
207 19 0
208 29 0
209 31 0
210 34 0
211 38 0
212 52 0
213 125 0
214 130 0
215 151 0
216 169 0
217 171 0
218 180 0
219 201 0
220 202 0
221 212 0
222 217 0
223 250 0
224 266 0
225 315 0
226 349 0
227 350 0
228 364 0
229 377 0
230 11 0
231 18 0
232 26 0
233 51 0
234 59 0
235 87 0
236 100 0
237 117 0
238 141 0
239 150 0
240 176 0
241 190 0
242 213 0
243 249 0
244 313 0
245 333 0
246 362 0
247 366 0
248 374 0
249 375 0
250 385 0
251 387 0
252 162 0
253 272 0
254 356 0
255 13 0
256 20 0
257 103 0
258 139 0
259 205 0
260 226 0
261 231 0
262 236 0
263 248 0
264 352 0
265 14 0
266 16 0
267 27 0
268 112 0
269 118 0
270 127 0
271 143 0
272 174 0
273 214 0
274 232 0
275 235 0
276 241 0
277 247 0
278 253 0
279 256 0
280 281 0
281 358 0
282 371 0
283 215 0
284 279 0
285 302 0
286 378 0
287 379 0
288 32 0
289 84 0
290 163 0
291 189 0
292 208 0
293 343 0
294 348 0
295 263 0
296 354 0
297 355 0
298 367 0
299 104 0
300 200 0
301 273 0
302 323 0
303 85 0
304 95 0
305 268 0
306 308 0
307 331 0
308 53 0
309 58 0
310 65 0
311 69 0
312 93 0
313 107 0
314 121 0
315 154 0
316 160 0
317 168 0
318 192 0
319 269 0
320 280 0
321 293 0
322 322 0
323 336 0
324 338 0
325 21 0
326 22 0
327 123 0
328 138 0
329 140 0
330 144 0
331 97 0
332 113 0
333 122 0
334 128 0
335 175 0
336 179 0
337 185 0
338 191 0
339 193 0
340 234 0
341 277 0
342 324 0
343 332 0
344 335 0
345 370 0
346 28 0
347 30 0
348 49 0
349 195 0
350 312 0
351 340 0
352 243 0
353 264 0
354 326 0
355 42 0
356 330 0
357 339 0
358 55 0
359 206 0
360 353 0
361 393 0
362 115 0
363 119 0
364 260 0
365 265 0
366 142 0
367 284 0
368 153 0
369 177 0
370 251 0
371 400 0
372 133 0
373 114 0
374 152 0
375 357 0
376 159 0
377 166 0
378 285 0
379 361 0
380 394 0
381 258 0
382 270 0
383 397 0
384 384 0
385 399 0
386 301 0
387 74 0
388 295 0
389 262 0
390 344 0
391 99 0
392 368 0
393 109 0
394 61 0
395 197 0
396 146 0
397 158 0
398 359 0
399 239 0

links
0 1 2 3 4 5 6 7 8 9 10 11 12 13 14 15 16 17 18 19 20 21 22 23 24 25 26 27 28 29 30 -1
0 1 1 1 1 1 1 1 1 1 1 1 1 1 1 1 1 1 1 1 1 1 1 1 1 1 1 1 1 1 1 -1
1 0 2 3 4 7 11 14 17 20 21 22 23 25 27 29 31 61 62 63 64 65 66 67 68 69 70 71 72 73 74 -1
0 1 1 1 1 1 1 1 1 1 1 1 1 1 1 1 1 1 1 1 1 1 1 1 1 1 1 1 1 1 1 -1
2 0 1 3 8 9 12 13 14 15 17 20 21 22 23 27 28 29 30 51 61 63 64 65 71 97 107 142 252 253 254 -1
0 1 1 1 1 1 1 1 1 1 1 1 1 1 1 1 1 1 1 1 1 1 1 1 1 1 1 1 1 1 1 -1
3 0 1 2 4 12 19 22 25 27 29 62 64 90 97 116 126 129 132 135 138 140 142 147 177 180 209 210 221 285 378 -1
0 1 1 1 1 1 1 1 1 1 1 1 1 1 1 1 1 1 1 1 1 1 1 1 1 1 1 1 1 1 1 -1
4 0 1 3 5 7 9 12 13 14 15 20 21 23 24 25 27 28 29 30 54 63 64 72 73 112 211 232 243 254 383 -1
0 1 1 1 1 1 1 1 1 1 1 1 1 1 1 1 1 1 1 1 1 1 1 1 1 1 1 1 1 1 1 -1
5 0 4 7 12 13 15 19 20 21 22 24 25 28 29 30 42 61 63 64 65 71 72 74 83 147 214 254 304 378 379 -1
0 1 1 1 1 1 1 1 1 1 1 1 1 1 1 1 1 1 1 1 1 1 1 1 1 1 1 1 1 1 1 -1
6 0 11 70 75 79 83 84 85 86 88 92 93 94 152 161 193 196 197 201 220 222 227 273 276 278 323 346 347 348 350 -1
0 1 1 1 1 1 1 1 1 1 1 1 1 1 1 1 1 1 1 1 1 1 1 1 1 1 1 1 1 1 1 -1
7 0 1 4 5 8 12 14 19 21 22 24 25 28 29 30 33 45 61 65 67 71 72 73 74 98 132 160 233 254 379 -1
0 1 1 1 1 1 1 1 1 1 1 1 1 1 1 1 1 1 1 1 1 1 1 1 1 1 1 1 1 1 1 -1
8 0 2 7 9 12 13 14 15 19 20 21 22 23 30 62 63 64 71 72 73 74 92 165 182 243 254 347 355 372 383 -1
0 1 1 1 1 1 1 1 1 1 1 1 1 1 1 1 1 1 1 1 1 1 1 1 1 1 1 1 1 1 1 -1
9 0 2 4 8 13 21 23 30 46 64 68 71 73 74 103 138 139 184 230 232 235 236 239 245 247 250 279 349 358 391 -1
0 1 1 1 1 1 1 1 1 1 1 1 1 1 1 1 1 1 1 1 1 1 1 1 1 1 1 1 1 1 1 -1
10 0 24 67 110 160 203 207 208 209 210 211 214 215 216 217 218 219 220 224 228 229 264 269 304 305 307 313 354 369 370 -1
0 1 1 1 1 1 1 1 1 1 1 1 1 1 1 1 1 1 1 1 1 1 1 1 1 1 1 1 1 1 1 -1
11 0 1 6 70 78 79 83 85 88 94 102 143 193 194 196 197 202 227 272 273 276 278 302 325 346 347 348 350 363 367 -1
0 1 1 1 1 1 1 1 1 1 1 1 1 1 1 1 1 1 1 1 1 1 1 1 1 1 1 1 1 1 1 -1
12 0 2 3 4 5 7 8 15 21 22 23 24 26 27 28 61 62 64 65 71 72 73 74 229 254 291 309 326 366 372 -1
0 1 1 1 1 1 1 1 1 1 1 1 1 1 1 1 1 1 1 1 1 1 1 1 1 1 1 1 1 1 1 -1
13 0 2 4 5 8 9 14 15 23 24 25 27 28 30 47 61 62 64 67 71 72 73 74 150 154 215 220 254 358 372 -1
0 1 1 1 1 1 1 1 1 1 1 1 1 1 1 1 1 1 1 1 1 1 1 1 1 1 1 1 1 1 1 -1
14 0 1 2 4 7 8 13 19 20 21 22 24 25 27 28 30 61 63 64 65 67 71 74 92 100 152 245 355 374 377 -1
0 1 1 1 1 1 1 1 1 1 1 1 1 1 1 1 1 1 1 1 1 1 1 1 1 1 1 1 1 1 1 -1
15 0 2 4 5 8 12 13 17 19 20 21 23 24 28 29 30 61 63 67 71 72 73 137 138 154 169 254 266 357 385 -1
0 1 1 1 1 1 1 1 1 1 1 1 1 1 1 1 1 1 1 1 1 1 1 1 1 1 1 1 1 1 1 -1
16 0 68 118 134 144 151 230 232 233 236 238 239 240 241 242 244 245 247 248 249 250 251 252 283 284 317 359 390 391 398 -1
0 1 1 1 1 1 1 1 1 1 1 1 1 1 1 1 1 1 1 1 1 1 1 1 1 1 1 1 1 1 1 -1
17 0 1 2 15 25 28 29 57 61 63 65 73 74 98 116 186 214 228 253 293 295 311 314 336 337 338 344 383 397 399 -1
0 1 1 1 1 1 1 1 1 1 1 1 1 1 1 1 1 1 1 1 1 1 1 1 1 1 1 1 1 1 1 -1
18 0 62 87 104 111 117 175 199 213 241 265 268 270 275 277 281 283 288 289 290 291 294 296 303 325 328 329 330 375 396 -1
0 1 1 1 1 1 1 1 1 1 1 1 1 1 1 1 1 1 1 1 1 1 1 1 1 1 1 1 1 1 1 -1
19 0 3 5 7 8 14 15 20 21 22 24 27 28 29 30 63 65 67 71 72 74 191 192 238 254 340 355 362 372 393 -1
0 1 1 1 1 1 1 1 1 1 1 1 1 1 1 1 1 1 1 1 1 1 1 1 1 1 1 1 1 1 1 -1
20 0 1 2 4 5 8 14 15 19 22 23 24 25 29 30 61 65 71 72 73 74 133 213 245 249 254 266 291 304 355 -1
0 1 1 1 1 1 1 1 1 1 1 1 1 1 1 1 1 1 1 1 1 1 1 1 1 1 1 1 1 1 1 -1
21 0 1 2 4 5 7 8 9 12 14 15 19 24 25 27 28 29 63 67 68 71 72 73 74 78 143 266 276 279 375 -1
0 1 1 1 1 1 1 1 1 1 1 1 1 1 1 1 1 1 1 1 1 1 1 1 1 1 1 1 1 1 1 -1
22 0 1 2 3 5 7 8 12 14 19 20 23 24 27 29 30 61 63 64 65 72 73 94 173 197 211 255 266 322 355 -1
0 1 1 1 1 1 1 1 1 1 1 1 1 1 1 1 1 1 1 1 1 1 1 1 1 1 1 1 1 1 1 -1
23 0 1 2 4 8 9 12 13 15 20 22 24 27 28 35 61 63 64 65 72 74 82 149 254 278 297 355 372 379 380 -1
0 1 1 1 1 1 1 1 1 1 1 1 1 1 1 1 1 1 1 1 1 1 1 1 1 1 1 1 1 1 1 -1
24 0 4 5 7 10 12 13 14 15 19 20 21 22 23 27 29 30 50 64 67 72 73 78 207 213 254 266 342 355 372 -1
0 1 1 1 1 1 1 1 1 1 1 1 1 1 1 1 1 1 1 1 1 1 1 1 1 1 1 1 1 1 1 -1
25 0 1 3 4 5 7 13 14 17 20 21 27 29 30 56 61 62 63 64 65 71 73 74 110 116 193 254 311 363 372 -1
0 1 1 1 1 1 1 1 1 1 1 1 1 1 1 1 1 1 1 1 1 1 1 1 1 1 1 1 1 1 1 -1
26 0 12 57 185 186 236 244 253 260 269 274 295 301 307 326 331 332 334 335 336 339 340 341 342 362 382 393 394 398 399 -1
0 1 1 1 1 1 1 1 1 1 1 1 1 1 1 1 1 1 1 1 1 1 1 1 1 1 1 1 1 1 1 -1
27 0 1 2 3 4 12 13 14 19 21 22 23 24 25 29 37 56 61 63 64 65 74 132 254 266 289 316 329 372 379 -1
0 1 1 1 1 1 1 1 1 1 1 1 1 1 1 1 1 1 1 1 1 1 1 1 1 1 1 1 1 1 1 -1
28 0 2 4 5 7 12 13 14 15 17 19 21 23 29 54 61 62 63 65 72 73 74 198 225 266 278 344 372 379 395 -1
0 1 1 1 1 1 1 1 1 1 1 1 1 1 1 1 1 1 1 1 1 1 1 1 1 1 1 1 1 1 1 -1
29 0 1 2 3 4 5 7 15 17 19 20 21 22 24 25 27 28 30 61 62 63 65 72 85 129 141 175 254 273 368 -1
0 1 1 1 1 1 1 1 1 1 1 1 1 1 1 1 1 1 1 1 1 1 1 1 1 1 1 1 1 1 1 -1
30 0 2 4 5 7 8 9 13 14 15 19 20 22 24 25 29 63 64 71 73 74 98 159 244 254 266 309 326 379 391 -1
0 1 1 1 1 1 1 1 1 1 1 1 1 1 1 1 1 1 1 1 1 1 1 1 1 1 1 1 1 1 1 -1
31 1 32 33 34 35 36 37 38 39 40 41 42 43 44 45 46 47 48 49 50 51 52 53 54 55 56 57 58 59 60 -1
0 1 1 1 1 1 1 1 1 1 1 1 1 1 1 1 1 1 1 1 1 1 1 1 1 1 1 1 1 1 1 -1
32 31 34 37 38 39 41 42 47 48 49 50 51 52 54 55 60 74 77 80 128 136 167 176 231 321 326 355 356 357 376 -1
0 1 1 1 1 1 1 1 1 1 1 1 1 1 1 1 1 1 1 1 1 1 1 1 1 1 1 1 1 1 1 -1
33 7 31 98 125 149 150 151 153 156 157 158 162 163 164 165 166 167 168 172 174 175 191 192 195 320 327 371 372 381 382 -1
0 1 1 1 1 1 1 1 1 1 1 1 1 1 1 1 1 1 1 1 1 1 1 1 1 1 1 1 1 1 1 -1
34 31 32 37 41 44 45 46 47 48 49 50 52 53 56 60 67 77 80 88 128 201 266 297 331 353 356 357 376 382 386 -1
0 1 1 1 1 1 1 1 1 1 1 1 1 1 1 1 1 1 1 1 1 1 1 1 1 1 1 1 1 1 1 -1
35 23 31 42 89 95 97 98 99 100 101 102 105 106 107 109 110 111 113 120 121 131 179 188 192 206 255 261 262 263 340 -1
0 1 1 1 1 1 1 1 1 1 1 1 1 1 1 1 1 1 1 1 1 1 1 1 1 1 1 1 1 1 1 -1
36 31 39 42 44 45 46 47 49 50 51 52 53 54 55 56 60 62 77 80 100 128 223 224 246 267 280 355 356 357 376 -1
0 1 1 1 1 1 1 1 1 1 1 1 1 1 1 1 1 1 1 1 1 1 1 1 1 1 1 1 1 1 1 -1
37 27 31 32 34 38 39 41 42 44 45 48 51 52 53 54 56 60 64 70 128 194 297 331 335 336 355 356 357 370 376 -1
0 1 1 1 1 1 1 1 1 1 1 1 1 1 1 1 1 1 1 1 1 1 1 1 1 1 1 1 1 1 1 -1
38 31 32 37 39 41 42 45 51 52 54 82 143 161 165 178 199 211 280 283 309 315 317 318 320 321 322 324 376 389 394 -1
0 1 1 1 1 1 1 1 1 1 1 1 1 1 1 1 1 1 1 1 1 1 1 1 1 1 1 1 1 1 1 -1
39 31 32 36 37 38 44 45 46 48 49 51 52 53 55 56 67 77 82 85 104 191 250 260 284 297 331 356 357 370 376 -1
0 1 1 1 1 1 1 1 1 1 1 1 1 1 1 1 1 1 1 1 1 1 1 1 1 1 1 1 1 1 1 -1
40 31 89 95 100 102 106 107 109 113 119 171 178 182 262 301 306 309 311 318 321 322 324 347 348 349 351 373 374 379 380 -1
0 1 1 1 1 1 1 1 1 1 1 1 1 1 1 1 1 1 1 1 1 1 1 1 1 1 1 1 1 1 1 -1
41 31 32 34 37 38 42 43 44 46 47 48 49 50 53 54 58 60 75 77 91 128 136 145 215 259 275 297 298 356 376 -1
0 1 1 1 1 1 1 1 1 1 1 1 1 1 1 1 1 1 1 1 1 1 1 1 1 1 1 1 1 1 1 -1
42 5 31 32 35 36 37 38 41 45 46 47 48 51 52 54 55 56 75 77 80 82 120 128 136 267 293 297 325 357 376 -1
0 1 1 1 1 1 1 1 1 1 1 1 1 1 1 1 1 1 1 1 1 1 1 1 1 1 1 1 1 1 1 -1
43 31 41 44 45 46 48 49 50 52 53 54 55 58 60 75 77 80 82 84 128 136 144 297 348 353 356 360 370 376 393 -1
0 1 1 1 1 1 1 1 1 1 1 1 1 1 1 1 1 1 1 1 1 1 1 1 1 1 1 1 1 1 1 -1
44 31 34 36 37 39 41 43 47 48 49 50 51 55 60 67 80 82 102 128 137 223 277 280 297 331 355 357 373 376 377 -1
0 1 1 1 1 1 1 1 1 1 1 1 1 1 1 1 1 1 1 1 1 1 1 1 1 1 1 1 1 1 1 -1
45 7 31 34 36 37 38 39 42 43 46 47 48 51 53 54 60 75 80 82 96 127 128 259 280 297 303 331 355 356 392 -1
0 1 1 1 1 1 1 1 1 1 1 1 1 1 1 1 1 1 1 1 1 1 1 1 1 1 1 1 1 1 1 -1
46 9 31 34 36 39 41 42 43 45 47 48 50 51 52 53 54 55 56 67 77 80 82 109 128 152 193 211 297 356 363 -1
0 1 1 1 1 1 1 1 1 1 1 1 1 1 1 1 1 1 1 1 1 1 1 1 1 1 1 1 1 1 1 -1
47 13 31 32 34 36 41 42 44 45 46 48 50 51 52 53 55 60 75 77 80 82 100 119 128 162 183 193 297 357 370 -1
0 1 1 1 1 1 1 1 1 1 1 1 1 1 1 1 1 1 1 1 1 1 1 1 1 1 1 1 1 1 1 -1
48 31 32 34 37 39 41 42 43 44 45 46 47 49 50 53 58 67 77 80 82 128 162 217 232 242 275 314 357 370 376 -1
0 1 1 1 1 1 1 1 1 1 1 1 1 1 1 1 1 1 1 1 1 1 1 1 1 1 1 1 1 1 1 -1
49 31 32 34 36 39 41 43 44 48 50 51 52 54 56 58 67 72 75 80 82 99 127 136 161 273 280 312 355 356 376 -1
0 1 1 1 1 1 1 1 1 1 1 1 1 1 1 1 1 1 1 1 1 1 1 1 1 1 1 1 1 1 1 -1
50 24 31 32 34 36 41 43 44 46 47 48 49 51 52 53 54 55 56 60 77 80 103 136 165 297 298 318 329 356 357 -1
0 1 1 1 1 1 1 1 1 1 1 1 1 1 1 1 1 1 1 1 1 1 1 1 1 1 1 1 1 1 1 -1
51 2 31 32 36 37 38 39 42 44 45 46 47 49 50 52 54 56 77 80 82 128 136 164 174 195 208 331 356 376 385 -1
0 1 1 1 1 1 1 1 1 1 1 1 1 1 1 1 1 1 1 1 1 1 1 1 1 1 1 1 1 1 1 -1
52 31 32 34 36 37 38 39 42 43 46 47 49 50 51 55 80 82 113 118 128 160 280 331 347 355 356 357 376 392 393 -1
0 1 1 1 1 1 1 1 1 1 1 1 1 1 1 1 1 1 1 1 1 1 1 1 1 1 1 1 1 1 1 -1
53 31 34 36 37 39 41 43 45 46 47 48 50 56 58 60 75 77 80 128 133 135 136 182 212 251 280 284 297 357 376 -1
0 1 1 1 1 1 1 1 1 1 1 1 1 1 1 1 1 1 1 1 1 1 1 1 1 1 1 1 1 1 1 -1
54 4 28 31 32 36 37 38 41 42 43 45 46 49 50 51 55 56 60 67 77 124 128 142 253 280 297 331 357 359 376 -1
0 1 1 1 1 1 1 1 1 1 1 1 1 1 1 1 1 1 1 1 1 1 1 1 1 1 1 1 1 1 1 -1
55 31 32 36 39 42 43 44 46 47 50 52 54 56 58 60 67 80 82 94 115 125 135 265 280 297 331 356 357 370 372 -1
0 1 1 1 1 1 1 1 1 1 1 1 1 1 1 1 1 1 1 1 1 1 1 1 1 1 1 1 1 1 1 -1
56 25 27 31 34 36 37 39 42 46 49 50 51 53 54 55 58 63 75 77 82 109 128 136 215 280 297 299 355 356 370 -1
0 1 1 1 1 1 1 1 1 1 1 1 1 1 1 1 1 1 1 1 1 1 1 1 1 1 1 1 1 1 1 -1
57 17 26 31 73 90 91 131 173 261 269 274 278 332 333 336 337 338 339 343 344 345 362 382 383 384 386 394 395 398 399 -1
0 1 1 1 1 1 1 1 1 1 1 1 1 1 1 1 1 1 1 1 1 1 1 1 1 1 1 1 1 1 1 -1
58 31 41 43 48 49 53 55 56 60 82 114 158 209 257 268 270 271 279 281 282 294 297 300 303 318 324 373 376 379 392 -1
0 1 1 1 1 1 1 1 1 1 1 1 1 1 1 1 1 1 1 1 1 1 1 1 1 1 1 1 1 1 1 -1
59 31 68 118 134 144 156 226 230 232 234 239 241 242 244 245 247 248 249 250 251 283 286 287 288 289 324 358 360 390 391 -1
0 1 1 1 1 1 1 1 1 1 1 1 1 1 1 1 1 1 1 1 1 1 1 1 1 1 1 1 1 1 1 -1
60 31 32 34 36 37 41 43 44 45 47 50 53 54 55 58 67 75 77 82 128 285 287 290 297 339 357 370 376 388 390 -1
0 1 1 1 1 1 1 1 1 1 1 1 1 1 1 1 1 1 1 1 1 1 1 1 1 1 1 1 1 1 1 -1
61 1 2 5 7 12 13 14 15 17 20 22 23 25 27 28 29 64 65 67 71 72 74 127 185 187 208 254 257 379 380 -1
0 1 1 1 1 1 1 1 1 1 1 1 1 1 1 1 1 1 1 1 1 1 1 1 1 1 1 1 1 1 1 -1
62 1 3 8 12 13 18 25 28 29 36 65 72 73 74 117 146 213 231 258 271 279 282 291 297 304 308 328 329 392 396 -1
0 1 1 1 1 1 1 1 1 1 1 1 1 1 1 1 1 1 1 1 1 1 1 1 1 1 1 1 1 1 1 -1
63 1 2 4 5 8 14 15 17 19 21 22 23 25 27 28 29 30 56 64 65 71 72 73 183 223 254 272 291 305 379 -1
0 1 1 1 1 1 1 1 1 1 1 1 1 1 1 1 1 1 1 1 1 1 1 1 1 1 1 1 1 1 1 -1
64 1 2 3 4 5 8 9 12 13 14 22 23 24 25 27 30 37 61 63 65 71 72 73 138 254 266 294 299 338 357 -1
0 1 1 1 1 1 1 1 1 1 1 1 1 1 1 1 1 1 1 1 1 1 1 1 1 1 1 1 1 1 1 -1
65 1 2 5 7 12 14 17 19 20 22 23 25 27 28 29 61 62 63 64 71 72 74 162 164 171 195 219 254 355 365 -1
0 1 1 1 1 1 1 1 1 1 1 1 1 1 1 1 1 1 1 1 1 1 1 1 1 1 1 1 1 1 1 -1
66 1 114 208 210 212 214 215 216 218 220 221 222 223 224 226 228 243 257 264 277 296 298 304 305 307 313 329 365 369 370 -1
0 1 1 1 1 1 1 1 1 1 1 1 1 1 1 1 1 1 1 1 1 1 1 1 1 1 1 1 1 1 1 -1
67 1 7 10 13 14 15 19 21 24 34 39 44 46 48 49 54 55 60 61 73 80 194 204 278 297 344 350 355 356 372 -1
0 1 1 1 1 1 1 1 1 1 1 1 1 1 1 1 1 1 1 1 1 1 1 1 1 1 1 1 1 1 1 -1
68 1 9 16 21 59 103 141 144 230 235 238 241 242 244 247 250 251 253 283 284 286 287 302 358 360 361 372 390 391 399 -1
0 1 1 1 1 1 1 1 1 1 1 1 1 1 1 1 1 1 1 1 1 1 1 1 1 1 1 1 1 1 1 -1
69 1 84 91 102 106 122 123 124 126 129 130 131 135 137 138 142 143 145 147 177 180 181 182 186 249 285 295 298 354 396 -1
0 1 1 1 1 1 1 1 1 1 1 1 1 1 1 1 1 1 1 1 1 1 1 1 1 1 1 1 1 1 1 -1
70 1 6 11 37 75 76 78 83 85 86 88 92 93 94 117 136 160 161 191 193 197 201 227 258 267 272 278 308 314 350 -1
0 1 1 1 1 1 1 1 1 1 1 1 1 1 1 1 1 1 1 1 1 1 1 1 1 1 1 1 1 1 1 -1
71 1 2 5 7 8 9 12 13 14 15 19 20 21 25 30 61 63 64 65 72 73 74 95 189 266 295 330 339 379 388 -1
0 1 1 1 1 1 1 1 1 1 1 1 1 1 1 1 1 1 1 1 1 1 1 1 1 1 1 1 1 1 1 -1
72 1 4 5 7 8 12 13 15 19 20 21 22 23 24 28 29 49 61 62 63 64 65 71 218 254 264 273 288 312 372 -1
0 1 1 1 1 1 1 1 1 1 1 1 1 1 1 1 1 1 1 1 1 1 1 1 1 1 1 1 1 1 1 -1
73 1 4 7 8 9 12 13 15 17 20 21 22 24 25 28 30 57 62 63 64 67 71 122 182 243 266 323 365 372 379 -1
0 1 1 1 1 1 1 1 1 1 1 1 1 1 1 1 1 1 1 1 1 1 1 1 1 1 1 1 1 1 1 -1
74 1 5 7 8 9 12 13 14 17 19 20 21 23 25 27 28 30 32 61 62 65 71 83 89 251 254 269 316 355 379 -1
0 1 1 1 1 1 1 1 1 1 1 1 1 1 1 1 1 1 1 1 1 1 1 1 1 1 1 1 1 1 1 -1
75 6 41 42 43 45 47 49 53 56 60 70 76 77 78 79 80 81 82 83 84 85 86 87 88 89 90 91 92 93 94 -1
0 1 1 1 1 1 1 1 1 1 1 1 1 1 1 1 1 1 1 1 1 1 1 1 1 1 1 1 1 1 1 -1
76 70 75 78 79 83 85 88 134 193 194 196 197 198 201 222 227 253 265 267 272 273 276 314 321 346 347 348 349 350 351 -1
0 1 1 1 1 1 1 1 1 1 1 1 1 1 1 1 1 1 1 1 1 1 1 1 1 1 1 1 1 1 1 -1
77 32 34 36 39 41 42 43 46 47 48 50 51 53 54 56 60 75 80 82 83 128 153 178 250 295 297 312 355 356 357 -1
0 1 1 1 1 1 1 1 1 1 1 1 1 1 1 1 1 1 1 1 1 1 1 1 1 1 1 1 1 1 1 -1
78 11 21 24 70 75 76 79 83 86 88 92 93 136 189 193 194 198 272 273 276 278 323 324 346 347 348 350 372 378 386 -1
0 1 1 1 1 1 1 1 1 1 1 1 1 1 1 1 1 1 1 1 1 1 1 1 1 1 1 1 1 1 1 -1
79 6 11 75 76 78 85 86 88 92 93 94 110 150 161 194 197 198 202 205 227 272 278 292 314 346 347 363 372 377 389 -1
0 1 1 1 1 1 1 1 1 1 1 1 1 1 1 1 1 1 1 1 1 1 1 1 1 1 1 1 1 1 1 -1
80 32 34 36 42 43 44 45 46 47 48 49 50 51 52 53 55 67 75 77 82 95 128 210 274 297 365 370 376 379 391 -1
0 1 1 1 1 1 1 1 1 1 1 1 1 1 1 1 1 1 1 1 1 1 1 1 1 1 1 1 1 1 1 -1
81 75 90 112 135 174 176 186 189 204 258 259 260 269 293 302 333 334 339 340 341 345 352 364 387 393 394 395 397 398 399 -1
0 1 1 1 1 1 1 1 1 1 1 1 1 1 1 1 1 1 1 1 1 1 1 1 1 1 1 1 1 1 1 -1
82 23 38 39 42 43 44 45 46 47 48 49 51 52 55 56 58 60 75 77 80 128 142 162 164 272 348 356 357 370 376 -1
0 1 1 1 1 1 1 1 1 1 1 1 1 1 1 1 1 1 1 1 1 1 1 1 1 1 1 1 1 1 1 -1
83 5 6 11 70 74 75 76 77 78 85 92 93 193 194 196 198 201 227 267 272 278 292 338 343 346 347 348 350 363 372 -1
0 1 1 1 1 1 1 1 1 1 1 1 1 1 1 1 1 1 1 1 1 1 1 1 1 1 1 1 1 1 1 -1
84 6 43 69 75 91 122 125 126 129 130 132 133 135 137 138 139 140 143 147 177 179 182 189 190 238 259 285 295 298 353 -1
0 1 1 1 1 1 1 1 1 1 1 1 1 1 1 1 1 1 1 1 1 1 1 1 1 1 1 1 1 1 1 -1
85 6 11 29 39 70 75 76 79 83 86 93 94 191 193 196 197 198 201 204 265 277 332 346 347 348 350 363 367 378 381 -1
0 1 1 1 1 1 1 1 1 1 1 1 1 1 1 1 1 1 1 1 1 1 1 1 1 1 1 1 1 1 1 -1
86 6 70 75 78 79 85 88 93 136 151 161 191 193 194 196 197 198 201 224 227 265 273 276 302 305 347 350 355 363 392 -1
0 1 1 1 1 1 1 1 1 1 1 1 1 1 1 1 1 1 1 1 1 1 1 1 1 1 1 1 1 1 1 -1
87 18 75 117 146 199 217 243 268 271 275 277 281 282 288 289 290 291 294 300 325 327 328 329 344 353 364 373 375 388 396 -1
0 1 1 1 1 1 1 1 1 1 1 1 1 1 1 1 1 1 1 1 1 1 1 1 1 1 1 1 1 1 1 -1
88 6 11 34 70 75 76 78 79 86 94 127 136 174 193 197 198 201 227 230 272 273 276 278 304 314 332 346 348 363 372 -1
0 1 1 1 1 1 1 1 1 1 1 1 1 1 1 1 1 1 1 1 1 1 1 1 1 1 1 1 1 1 1 -1
89 35 40 74 75 96 99 100 102 105 106 107 109 110 111 112 117 118 120 121 179 188 259 262 263 299 301 318 354 379 395 -1
0 1 1 1 1 1 1 1 1 1 1 1 1 1 1 1 1 1 1 1 1 1 1 1 1 1 1 1 1 1 1 -1
90 3 57 75 81 92 98 143 185 186 204 260 265 274 278 293 302 326 332 333 335 339 340 342 344 345 352 362 383 386 394 -1
0 1 1 1 1 1 1 1 1 1 1 1 1 1 1 1 1 1 1 1 1 1 1 1 1 1 1 1 1 1 1 -1
91 41 57 69 75 84 116 123 124 129 131 132 133 135 137 138 140 142 145 146 148 156 177 180 183 189 190 197 298 354 362 -1
0 1 1 1 1 1 1 1 1 1 1 1 1 1 1 1 1 1 1 1 1 1 1 1 1 1 1 1 1 1 1 -1
92 6 8 14 70 75 78 79 83 90 93 136 180 193 194 196 197 200 201 202 264 267 272 273 276 346 348 350 363 372 378 -1
0 1 1 1 1 1 1 1 1 1 1 1 1 1 1 1 1 1 1 1 1 1 1 1 1 1 1 1 1 1 1 -1
93 6 70 75 78 79 83 85 86 92 94 99 106 136 191 193 194 196 198 200 202 248 265 333 346 347 348 350 363 372 397 -1
0 1 1 1 1 1 1 1 1 1 1 1 1 1 1 1 1 1 1 1 1 1 1 1 1 1 1 1 1 1 1 -1
94 6 11 22 55 70 75 79 85 88 93 153 193 194 196 197 198 227 267 272 276 286 346 347 348 350 363 367 372 386 394 -1
0 1 1 1 1 1 1 1 1 1 1 1 1 1 1 1 1 1 1 1 1 1 1 1 1 1 1 1 1 1 1 -1
95 35 40 71 80 96 97 98 99 100 101 102 103 104 105 106 107 108 109 110 111 112 113 114 115 116 117 118 119 120 121 -1
0 1 1 1 1 1 1 1 1 1 1 1 1 1 1 1 1 1 1 1 1 1 1 1 1 1 1 1 1 1 1 -1
96 45 89 95 97 98 99 101 104 105 107 109 110 111 113 115 119 121 179 188 231 233 236 239 259 261 262 301 311 328 356 -1
0 1 1 1 1 1 1 1 1 1 1 1 1 1 1 1 1 1 1 1 1 1 1 1 1 1 1 1 1 1 1 -1
97 2 3 35 95 96 99 102 104 105 106 107 109 110 111 113 115 118 119 120 181 206 231 233 248 261 263 299 301 335 370 -1
0 1 1 1 1 1 1 1 1 1 1 1 1 1 1 1 1 1 1 1 1 1 1 1 1 1 1 1 1 1 1 -1
98 7 17 30 33 35 90 95 96 99 101 102 104 107 109 111 112 113 115 118 119 120 179 231 255 259 261 262 263 301 369 -1
0 1 1 1 1 1 1 1 1 1 1 1 1 1 1 1 1 1 1 1 1 1 1 1 1 1 1 1 1 1 1 -1
99 35 49 89 93 95 96 97 98 100 101 105 106 107 109 110 111 112 113 115 119 120 121 170 179 255 261 262 316 339 344 -1
0 1 1 1 1 1 1 1 1 1 1 1 1 1 1 1 1 1 1 1 1 1 1 1 1 1 1 1 1 1 1 -1
100 14 35 36 40 47 89 95 99 101 102 105 106 107 108 109 110 111 112 120 121 148 179 188 224 231 252 255 259 263 379 -1
0 1 1 1 1 1 1 1 1 1 1 1 1 1 1 1 1 1 1 1 1 1 1 1 1 1 1 1 1 1 1 -1
101 35 95 96 98 99 100 102 104 106 112 115 117 120 121 179 188 231 247 255 258 259 262 263 299 301 309 322 353 379 395 -1
0 1 1 1 1 1 1 1 1 1 1 1 1 1 1 1 1 1 1 1 1 1 1 1 1 1 1 1 1 1 1 -1
102 11 35 40 44 69 89 95 97 98 100 101 105 107 109 111 113 115 119 120 121 132 179 183 231 258 259 261 262 263 352 -1
0 1 1 1 1 1 1 1 1 1 1 1 1 1 1 1 1 1 1 1 1 1 1 1 1 1 1 1 1 1 1 -1
103 9 50 68 95 134 144 147 152 194 230 232 234 236 238 239 240 242 244 247 249 250 284 286 287 288 359 360 361 390 391 -1
0 1 1 1 1 1 1 1 1 1 1 1 1 1 1 1 1 1 1 1 1 1 1 1 1 1 1 1 1 1 1 -1
104 18 39 95 96 97 98 101 108 112 113 115 117 121 124 199 204 227 231 248 254 270 271 279 281 282 289 316 325 328 379 -1
0 1 1 1 1 1 1 1 1 1 1 1 1 1 1 1 1 1 1 1 1 1 1 1 1 1 1 1 1 1 1 -1
105 35 89 95 96 97 99 100 102 106 109 110 111 113 115 119 120 154 188 204 206 216 231 261 262 263 264 299 301 314 343 -1
0 1 1 1 1 1 1 1 1 1 1 1 1 1 1 1 1 1 1 1 1 1 1 1 1 1 1 1 1 1 1 -1
106 35 40 69 89 93 95 97 99 100 101 105 110 112 113 115 118 119 120 121 162 168 175 179 188 233 255 258 259 301 318 -1
0 1 1 1 1 1 1 1 1 1 1 1 1 1 1 1 1 1 1 1 1 1 1 1 1 1 1 1 1 1 1 -1
107 2 35 40 89 95 96 97 98 99 100 102 109 110 111 112 115 179 188 225 238 255 259 261 262 263 301 351 357 361 379 -1
0 1 1 1 1 1 1 1 1 1 1 1 1 1 1 1 1 1 1 1 1 1 1 1 1 1 1 1 1 1 1 -1
108 95 100 104 109 115 121 125 159 161 188 223 231 237 255 256 257 261 262 292 301 308 310 312 314 320 326 370 373 374 389 -1
0 1 1 1 1 1 1 1 1 1 1 1 1 1 1 1 1 1 1 1 1 1 1 1 1 1 1 1 1 1 1 -1
109 35 40 46 56 89 95 96 97 98 99 100 102 105 107 108 112 113 115 120 181 188 196 233 258 259 261 262 301 353 399 -1
0 1 1 1 1 1 1 1 1 1 1 1 1 1 1 1 1 1 1 1 1 1 1 1 1 1 1 1 1 1 1 -1
110 10 25 35 79 89 95 96 97 99 100 105 106 107 111 112 113 120 155 179 200 206 211 231 255 258 259 262 263 299 301 -1
0 1 1 1 1 1 1 1 1 1 1 1 1 1 1 1 1 1 1 1 1 1 1 1 1 1 1 1 1 1 1 -1
111 18 35 89 95 96 97 98 99 100 102 105 107 110 113 115 119 154 163 179 201 206 216 231 255 259 261 263 299 301 322 -1
0 1 1 1 1 1 1 1 1 1 1 1 1 1 1 1 1 1 1 1 1 1 1 1 1 1 1 1 1 1 1 -1
112 4 81 89 95 98 99 100 101 104 106 107 109 110 115 119 120 188 206 231 233 255 258 259 262 263 301 303 335 345 388 -1
0 1 1 1 1 1 1 1 1 1 1 1 1 1 1 1 1 1 1 1 1 1 1 1 1 1 1 1 1 1 1 -1
113 35 40 52 95 96 97 98 99 102 104 105 106 109 110 111 120 121 179 180 188 202 206 222 231 255 258 261 262 327 335 -1
0 1 1 1 1 1 1 1 1 1 1 1 1 1 1 1 1 1 1 1 1 1 1 1 1 1 1 1 1 1 1 -1
114 58 66 95 139 205 207 208 212 214 216 217 218 220 221 223 224 225 228 229 249 264 282 293 296 304 305 307 313 346 353 -1
0 1 1 1 1 1 1 1 1 1 1 1 1 1 1 1 1 1 1 1 1 1 1 1 1 1 1 1 1 1 1 -1
115 55 95 96 97 98 99 101 102 104 105 106 107 108 109 111 112 119 120 129 179 184 194 225 231 233 255 258 259 262 383 -1
0 1 1 1 1 1 1 1 1 1 1 1 1 1 1 1 1 1 1 1 1 1 1 1 1 1 1 1 1 1 1 -1
116 3 17 25 91 95 122 123 125 126 127 129 132 139 140 142 143 145 147 148 180 182 183 184 186 189 285 295 328 339 353 -1
0 1 1 1 1 1 1 1 1 1 1 1 1 1 1 1 1 1 1 1 1 1 1 1 1 1 1 1 1 1 1 -1
117 18 62 70 87 89 95 101 104 136 187 199 212 268 270 271 275 279 281 288 290 291 294 303 325 328 330 337 373 375 396 -1
0 1 1 1 1 1 1 1 1 1 1 1 1 1 1 1 1 1 1 1 1 1 1 1 1 1 1 1 1 1 1 -1
118 16 52 59 89 95 97 98 106 121 140 156 181 201 222 230 231 236 238 239 244 247 249 255 259 263 287 299 301 360 383 -1
0 1 1 1 1 1 1 1 1 1 1 1 1 1 1 1 1 1 1 1 1 1 1 1 1 1 1 1 1 1 1 -1
119 40 47 95 96 97 98 99 102 105 106 111 112 115 120 121 179 188 206 217 228 231 236 255 257 259 261 262 263 301 311 -1
0 1 1 1 1 1 1 1 1 1 1 1 1 1 1 1 1 1 1 1 1 1 1 1 1 1 1 1 1 1 1 -1
120 35 42 89 95 97 98 99 100 101 102 105 106 109 110 112 113 115 119 121 168 179 188 231 255 259 329 350 371 374 379 -1
0 1 1 1 1 1 1 1 1 1 1 1 1 1 1 1 1 1 1 1 1 1 1 1 1 1 1 1 1 1 1 -1
121 35 89 95 96 99 100 101 102 104 106 108 113 118 119 120 157 179 188 206 224 231 233 239 254 258 259 261 299 331 376 -1
0 1 1 1 1 1 1 1 1 1 1 1 1 1 1 1 1 1 1 1 1 1 1 1 1 1 1 1 1 1 1 -1
122 69 73 84 116 123 124 125 126 127 128 129 130 131 132 133 134 135 136 137 138 139 140 141 142 143 144 145 146 147 148 -1
0 1 1 1 1 1 1 1 1 1 1 1 1 1 1 1 1 1 1 1 1 1 1 1 1 1 1 1 1 1 1 -1
123 69 91 116 122 124 125 127 129 130 132 133 138 140 142 145 148 177 178 179 180 181 182 183 184 185 186 187 188 189 190 -1
0 1 1 1 1 1 1 1 1 1 1 1 1 1 1 1 1 1 1 1 1 1 1 1 1 1 1 1 1 1 1 -1
124 54 69 91 104 122 123 125 126 127 129 130 131 133 135 138 145 147 177 180 181 182 189 190 298 313 342 346 352 353 354 -1
0 1 1 1 1 1 1 1 1 1 1 1 1 1 1 1 1 1 1 1 1 1 1 1 1 1 1 1 1 1 1 -1
125 33 55 84 108 116 122 123 124 127 130 131 135 137 138 142 143 145 146 147 181 182 189 190 254 285 295 298 324 353 387 -1
0 1 1 1 1 1 1 1 1 1 1 1 1 1 1 1 1 1 1 1 1 1 1 1 1 1 1 1 1 1 1 -1
126 3 69 84 116 122 124 129 131 132 133 135 137 138 139 140 142 143 145 146 177 180 182 185 241 267 274 285 297 298 374 -1
0 1 1 1 1 1 1 1 1 1 1 1 1 1 1 1 1 1 1 1 1 1 1 1 1 1 1 1 1 1 1 -1
127 45 49 61 88 116 122 123 124 125 130 131 132 133 135 137 138 140 142 143 145 148 177 180 181 183 285 289 329 353 354 -1
0 1 1 1 1 1 1 1 1 1 1 1 1 1 1 1 1 1 1 1 1 1 1 1 1 1 1 1 1 1 1 -1
128 32 34 36 37 41 42 43 44 45 46 47 48 51 52 53 54 56 60 77 80 82 122 151 159 190 252 280 356 357 367 -1
0 1 1 1 1 1 1 1 1 1 1 1 1 1 1 1 1 1 1 1 1 1 1 1 1 1 1 1 1 1 1 -1
129 3 29 69 84 91 115 116 122 123 124 126 131 132 133 135 139 140 145 146 150 177 180 182 183 184 192 224 285 295 378 -1
0 1 1 1 1 1 1 1 1 1 1 1 1 1 1 1 1 1 1 1 1 1 1 1 1 1 1 1 1 1 1 -1
130 69 84 122 123 124 125 127 133 135 137 138 142 143 145 147 148 162 177 181 182 183 189 190 228 244 287 298 343 354 363 -1
0 1 1 1 1 1 1 1 1 1 1 1 1 1 1 1 1 1 1 1 1 1 1 1 1 1 1 1 1 1 1 -1
131 35 57 69 91 122 124 125 126 127 129 132 133 136 137 138 139 140 142 145 147 148 177 183 184 189 190 232 298 332 361 -1
0 1 1 1 1 1 1 1 1 1 1 1 1 1 1 1 1 1 1 1 1 1 1 1 1 1 1 1 1 1 1 -1
132 3 7 27 84 91 102 116 122 123 126 127 129 131 140 142 143 147 148 155 180 181 182 183 189 190 280 285 295 298 305 -1
0 1 1 1 1 1 1 1 1 1 1 1 1 1 1 1 1 1 1 1 1 1 1 1 1 1 1 1 1 1 1 -1
133 20 53 84 91 122 123 124 126 127 129 130 131 135 143 146 147 148 167 177 180 182 184 190 234 285 295 298 337 354 356 -1
0 1 1 1 1 1 1 1 1 1 1 1 1 1 1 1 1 1 1 1 1 1 1 1 1 1 1 1 1 1 1 -1
134 16 59 76 103 122 144 158 187 230 232 234 236 238 239 240 241 242 245 247 248 249 250 251 286 290 315 360 361 390 392 -1
0 1 1 1 1 1 1 1 1 1 1 1 1 1 1 1 1 1 1 1 1 1 1 1 1 1 1 1 1 1 1 -1
135 3 53 55 69 81 84 91 122 124 125 126 127 129 130 133 137 140 143 145 148 177 180 183 190 247 254 263 285 298 354 -1
0 1 1 1 1 1 1 1 1 1 1 1 1 1 1 1 1 1 1 1 1 1 1 1 1 1 1 1 1 1 1 -1
136 32 41 42 43 49 50 51 53 56 70 78 86 88 92 93 117 122 131 167 179 191 201 265 272 276 297 341 346 356 376 -1
0 1 1 1 1 1 1 1 1 1 1 1 1 1 1 1 1 1 1 1 1 1 1 1 1 1 1 1 1 1 1 -1
137 15 44 69 84 91 122 125 126 127 130 131 135 138 139 142 143 145 148 168 180 181 183 189 190 285 298 318 322 354 362 -1
0 1 1 1 1 1 1 1 1 1 1 1 1 1 1 1 1 1 1 1 1 1 1 1 1 1 1 1 1 1 1 -1
138 3 9 15 64 69 84 91 122 123 124 125 126 127 130 131 137 140 143 147 177 180 181 183 184 189 212 276 285 298 365 -1
0 1 1 1 1 1 1 1 1 1 1 1 1 1 1 1 1 1 1 1 1 1 1 1 1 1 1 1 1 1 1 -1
139 9 84 114 116 122 126 129 131 137 160 168 182 183 189 190 213 216 220 224 225 228 229 251 264 290 300 353 354 363 369 -1
0 1 1 1 1 1 1 1 1 1 1 1 1 1 1 1 1 1 1 1 1 1 1 1 1 1 1 1 1 1 1 -1
140 3 84 91 116 118 122 123 126 127 129 131 132 135 138 142 143 147 177 181 182 184 190 233 237 260 266 285 298 322 354 -1
0 1 1 1 1 1 1 1 1 1 1 1 1 1 1 1 1 1 1 1 1 1 1 1 1 1 1 1 1 1 1 -1
141 29 68 122 144 157 163 165 167 169 170 171 177 195 200 238 241 245 251 263 270 284 286 320 327 358 360 371 383 384 390 -1
0 1 1 1 1 1 1 1 1 1 1 1 1 1 1 1 1 1 1 1 1 1 1 1 1 1 1 1 1 1 1 -1
142 2 3 54 69 82 91 116 122 123 125 126 127 130 131 132 137 140 143 146 147 148 149 181 182 183 190 285 289 305 354 -1
0 1 1 1 1 1 1 1 1 1 1 1 1 1 1 1 1 1 1 1 1 1 1 1 1 1 1 1 1 1 1 -1
143 11 21 38 69 84 90 116 122 125 126 127 130 132 133 135 137 138 140 142 145 146 148 177 180 183 189 285 295 358 376 -1
0 1 1 1 1 1 1 1 1 1 1 1 1 1 1 1 1 1 1 1 1 1 1 1 1 1 1 1 1 1 1 -1
144 16 43 59 68 103 122 134 141 203 207 230 235 236 240 242 244 245 247 248 249 251 284 358 359 360 388 390 392 398 399 -1
0 1 1 1 1 1 1 1 1 1 1 1 1 1 1 1 1 1 1 1 1 1 1 1 1 1 1 1 1 1 1 -1
145 41 69 91 116 122 123 124 125 126 127 129 130 131 135 137 143 157 177 180 181 183 190 240 254 295 298 340 343 353 354 -1
0 1 1 1 1 1 1 1 1 1 1 1 1 1 1 1 1 1 1 1 1 1 1 1 1 1 1 1 1 1 1 -1
146 62 87 91 122 125 126 129 133 142 143 147 176 187 189 190 213 216 240 268 279 288 300 325 329 341 354 375 396 397 398 -1
0 1 1 1 1 1 1 1 1 1 1 1 1 1 1 1 1 1 1 1 1 1 1 1 1 1 1 1 1 1 1 -1
147 3 5 69 84 103 116 122 124 125 130 131 132 133 138 140 142 146 148 153 177 181 183 184 189 190 278 281 285 345 354 -1
0 1 1 1 1 1 1 1 1 1 1 1 1 1 1 1 1 1 1 1 1 1 1 1 1 1 1 1 1 1 1 -1
148 91 100 116 122 123 127 130 131 132 133 135 137 142 143 147 171 174 177 181 182 183 184 189 190 239 246 285 298 313 354 -1
0 1 1 1 1 1 1 1 1 1 1 1 1 1 1 1 1 1 1 1 1 1 1 1 1 1 1 1 1 1 1 -1
149 23 33 142 150 151 152 153 154 155 156 157 158 159 160 161 162 163 164 165 166 167 168 169 170 171 172 173 174 175 176 -1
0 1 1 1 1 1 1 1 1 1 1 1 1 1 1 1 1 1 1 1 1 1 1 1 1 1 1 1 1 1 1 -1
150 13 33 79 129 149 151 152 154 157 158 164 166 167 168 169 170 172 175 184 190 192 200 210 246 327 366 377 381 382 384 -1
0 1 1 1 1 1 1 1 1 1 1 1 1 1 1 1 1 1 1 1 1 1 1 1 1 1 1 1 1 1 1 -1
151 16 33 86 128 149 150 152 153 155 156 157 158 164 165 167 169 171 172 174 192 195 274 320 327 334 366 367 377 381 385 -1
0 1 1 1 1 1 1 1 1 1 1 1 1 1 1 1 1 1 1 1 1 1 1 1 1 1 1 1 1 1 1 -1
152 6 14 46 103 149 150 151 153 155 156 162 163 164 165 166 167 169 170 174 175 192 239 306 327 366 367 377 381 384 385 -1
0 1 1 1 1 1 1 1 1 1 1 1 1 1 1 1 1 1 1 1 1 1 1 1 1 1 1 1 1 1 1 -1
153 33 77 94 147 149 151 152 154 156 157 162 165 167 169 171 172 174 175 195 200 226 364 366 367 371 377 378 381 384 385 -1
0 1 1 1 1 1 1 1 1 1 1 1 1 1 1 1 1 1 1 1 1 1 1 1 1 1 1 1 1 1 1 -1
154 13 15 105 111 149 150 153 155 156 158 162 163 164 165 167 168 170 171 174 191 192 200 246 294 371 377 382 384 385 396 -1
0 1 1 1 1 1 1 1 1 1 1 1 1 1 1 1 1 1 1 1 1 1 1 1 1 1 1 1 1 1 1 -1
155 110 132 149 151 152 154 156 157 163 164 166 169 170 171 174 175 191 192 200 221 246 248 250 327 366 371 377 384 385 392 -1
0 1 1 1 1 1 1 1 1 1 1 1 1 1 1 1 1 1 1 1 1 1 1 1 1 1 1 1 1 1 1 -1
156 33 59 91 118 149 151 152 153 154 155 157 158 164 166 169 170 171 191 195 200 288 319 327 363 367 371 377 381 382 384 -1
0 1 1 1 1 1 1 1 1 1 1 1 1 1 1 1 1 1 1 1 1 1 1 1 1 1 1 1 1 1 1 -1
157 33 121 141 145 149 150 151 153 155 156 162 163 165 166 167 169 170 174 175 181 195 233 246 275 327 367 381 382 385 397 -1
0 1 1 1 1 1 1 1 1 1 1 1 1 1 1 1 1 1 1 1 1 1 1 1 1 1 1 1 1 1 1 -1
158 33 58 134 149 150 151 154 156 162 163 164 165 166 167 170 171 174 191 192 200 201 207 246 275 304 366 371 377 381 385 -1
0 1 1 1 1 1 1 1 1 1 1 1 1 1 1 1 1 1 1 1 1 1 1 1 1 1 1 1 1 1 1 -1
159 30 108 128 149 178 190 203 211 246 252 257 306 308 309 310 311 312 315 316 317 319 320 321 322 349 351 358 368 380 389 -1
0 1 1 1 1 1 1 1 1 1 1 1 1 1 1 1 1 1 1 1 1 1 1 1 1 1 1 1 1 1 1 -1
160 7 10 52 70 139 149 168 184 203 205 207 208 209 214 215 216 217 218 220 221 222 223 226 228 295 304 305 330 353 369 -1
0 1 1 1 1 1 1 1 1 1 1 1 1 1 1 1 1 1 1 1 1 1 1 1 1 1 1 1 1 1 1 -1
161 6 38 49 70 79 86 108 149 162 163 167 169 172 174 194 196 200 208 227 246 272 273 274 327 346 350 363 366 384 392 -1
0 1 1 1 1 1 1 1 1 1 1 1 1 1 1 1 1 1 1 1 1 1 1 1 1 1 1 1 1 1 1 -1
162 33 47 48 65 82 106 130 149 152 153 154 157 158 161 163 164 166 167 168 169 174 192 195 246 327 366 377 381 384 385 -1
0 1 1 1 1 1 1 1 1 1 1 1 1 1 1 1 1 1 1 1 1 1 1 1 1 1 1 1 1 1 1 -1
163 33 111 141 149 152 154 155 157 158 161 162 164 165 166 170 171 172 175 192 200 246 258 263 288 327 355 366 370 377 385 -1
0 1 1 1 1 1 1 1 1 1 1 1 1 1 1 1 1 1 1 1 1 1 1 1 1 1 1 1 1 1 1 -1
164 33 51 65 82 149 150 151 152 154 155 156 158 162 163 165 167 169 170 171 172 194 195 200 246 369 371 377 381 384 395 -1
0 1 1 1 1 1 1 1 1 1 1 1 1 1 1 1 1 1 1 1 1 1 1 1 1 1 1 1 1 1 1 -1
165 8 33 38 50 141 149 151 152 153 154 157 158 163 164 166 167 168 170 171 172 192 195 200 216 271 366 377 382 384 394 -1
0 1 1 1 1 1 1 1 1 1 1 1 1 1 1 1 1 1 1 1 1 1 1 1 1 1 1 1 1 1 1 -1
166 33 149 150 152 155 156 157 158 162 163 165 169 170 172 174 175 186 192 195 200 247 303 327 332 371 372 374 381 384 385 -1
0 1 1 1 1 1 1 1 1 1 1 1 1 1 1 1 1 1 1 1 1 1 1 1 1 1 1 1 1 1 1 -1
167 32 33 133 136 141 149 150 151 152 153 154 157 158 161 162 164 165 170 174 175 192 206 228 229 246 327 367 371 377 381 -1
0 1 1 1 1 1 1 1 1 1 1 1 1 1 1 1 1 1 1 1 1 1 1 1 1 1 1 1 1 1 1 -1
168 33 106 120 137 139 149 150 154 160 162 165 187 192 195 210 219 222 223 228 240 264 296 304 305 327 365 366 367 385 392 -1
0 1 1 1 1 1 1 1 1 1 1 1 1 1 1 1 1 1 1 1 1 1 1 1 1 1 1 1 1 1 1 -1
169 15 141 149 150 151 152 153 155 156 157 161 162 164 166 170 172 175 184 192 195 200 209 246 301 349 366 381 384 385 393 -1
0 1 1 1 1 1 1 1 1 1 1 1 1 1 1 1 1 1 1 1 1 1 1 1 1 1 1 1 1 1 1 -1
170 99 141 149 150 152 154 155 156 157 158 163 164 165 166 167 169 191 195 200 202 231 246 260 327 366 368 371 384 385 387 -1
0 1 1 1 1 1 1 1 1 1 1 1 1 1 1 1 1 1 1 1 1 1 1 1 1 1 1 1 1 1 1 -1
171 40 65 141 148 149 151 153 154 155 156 158 163 164 165 172 174 175 195 200 203 226 239 246 327 366 371 377 381 382 384 -1
0 1 1 1 1 1 1 1 1 1 1 1 1 1 1 1 1 1 1 1 1 1 1 1 1 1 1 1 1 1 1 -1
172 33 149 150 151 153 161 163 164 165 166 169 171 174 191 192 195 198 200 205 246 268 278 327 328 366 368 371 377 381 384 -1
0 1 1 1 1 1 1 1 1 1 1 1 1 1 1 1 1 1 1 1 1 1 1 1 1 1 1 1 1 1 1 -1
173 22 57 149 176 185 186 191 197 260 263 267 269 274 278 333 336 337 338 339 340 345 362 364 372 382 387 393 397 398 399 -1
0 1 1 1 1 1 1 1 1 1 1 1 1 1 1 1 1 1 1 1 1 1 1 1 1 1 1 1 1 1 1 -1
174 33 51 81 88 148 149 151 152 153 154 155 157 158 161 162 166 167 171 172 175 188 191 200 204 246 327 367 371 381 385 -1
0 1 1 1 1 1 1 1 1 1 1 1 1 1 1 1 1 1 1 1 1 1 1 1 1 1 1 1 1 1 1 -1
175 18 29 33 106 149 150 152 153 155 157 163 166 167 169 171 174 191 195 246 287 303 336 366 367 371 377 381 382 384 385 -1
0 1 1 1 1 1 1 1 1 1 1 1 1 1 1 1 1 1 1 1 1 1 1 1 1 1 1 1 1 1 1 -1
176 32 81 146 149 173 185 204 229 253 256 269 274 287 302 332 335 337 338 340 342 343 344 382 383 386 387 393 397 398 399 -1
0 1 1 1 1 1 1 1 1 1 1 1 1 1 1 1 1 1 1 1 1 1 1 1 1 1 1 1 1 1 1 -1
177 3 69 84 91 123 124 126 127 129 130 131 133 135 138 140 141 143 145 147 148 179 181 182 184 218 282 295 296 297 298 -1
0 1 1 1 1 1 1 1 1 1 1 1 1 1 1 1 1 1 1 1 1 1 1 1 1 1 1 1 1 1 1 -1
178 38 40 77 123 159 210 233 237 244 252 257 267 280 299 306 308 309 310 312 316 318 319 320 321 322 324 347 349 368 374 -1
0 1 1 1 1 1 1 1 1 1 1 1 1 1 1 1 1 1 1 1 1 1 1 1 1 1 1 1 1 1 1 -1
179 35 84 89 96 98 99 100 101 102 106 107 110 111 113 115 119 120 121 123 136 177 188 231 241 255 259 263 301 334 379 -1
0 1 1 1 1 1 1 1 1 1 1 1 1 1 1 1 1 1 1 1 1 1 1 1 1 1 1 1 1 1 1 -1
180 3 69 91 92 113 116 123 124 126 127 129 132 133 135 137 138 143 145 181 182 189 190 199 208 249 285 298 353 354 369 -1
0 1 1 1 1 1 1 1 1 1 1 1 1 1 1 1 1 1 1 1 1 1 1 1 1 1 1 1 1 1 1 -1
181 69 97 109 118 123 124 125 127 130 132 137 138 140 142 145 147 148 157 177 180 182 183 189 190 295 298 353 354 386 387 -1
0 1 1 1 1 1 1 1 1 1 1 1 1 1 1 1 1 1 1 1 1 1 1 1 1 1 1 1 1 1 1 -1
182 8 40 53 69 73 84 116 123 124 125 126 129 130 132 133 139 140 142 148 177 180 181 183 189 190 285 298 313 354 374 -1
0 1 1 1 1 1 1 1 1 1 1 1 1 1 1 1 1 1 1 1 1 1 1 1 1 1 1 1 1 1 1 -1
183 47 63 91 102 116 123 127 129 130 131 132 135 137 138 139 142 143 145 147 148 181 182 189 285 298 301 307 344 353 354 -1
0 1 1 1 1 1 1 1 1 1 1 1 1 1 1 1 1 1 1 1 1 1 1 1 1 1 1 1 1 1 1 -1
184 9 115 116 123 129 131 133 138 140 147 148 150 160 169 177 205 210 215 220 221 222 228 229 232 298 307 317 354 365 369 -1
0 1 1 1 1 1 1 1 1 1 1 1 1 1 1 1 1 1 1 1 1 1 1 1 1 1 1 1 1 1 1 -1
185 26 61 90 123 126 173 176 186 197 235 253 269 278 295 326 332 333 334 335 340 343 346 352 362 382 383 387 394 395 398 -1
0 1 1 1 1 1 1 1 1 1 1 1 1 1 1 1 1 1 1 1 1 1 1 1 1 1 1 1 1 1 1 -1
186 17 26 69 81 90 116 123 166 173 185 204 234 253 258 269 278 302 326 336 337 339 340 341 342 364 378 381 387 393 397 -1
0 1 1 1 1 1 1 1 1 1 1 1 1 1 1 1 1 1 1 1 1 1 1 1 1 1 1 1 1 1 1 -1
187 61 117 123 134 146 168 213 248 257 265 268 270 275 277 281 286 290 291 300 303 325 328 329 330 373 375 382 388 392 396 -1
0 1 1 1 1 1 1 1 1 1 1 1 1 1 1 1 1 1 1 1 1 1 1 1 1 1 1 1 1 1 1 -1
188 35 89 96 100 101 105 106 107 108 109 112 113 119 120 121 123 174 179 231 233 255 259 262 297 299 301 367 373 379 387 -1
0 1 1 1 1 1 1 1 1 1 1 1 1 1 1 1 1 1 1 1 1 1 1 1 1 1 1 1 1 1 1 -1
189 71 78 81 84 91 116 123 124 125 130 131 132 137 138 139 143 146 147 148 180 181 182 183 190 223 256 285 295 353 361 -1
0 1 1 1 1 1 1 1 1 1 1 1 1 1 1 1 1 1 1 1 1 1 1 1 1 1 1 1 1 1 1 -1
190 84 91 123 124 125 128 130 131 132 133 135 137 139 140 142 145 146 147 148 150 159 180 181 182 189 213 298 340 354 397 -1
0 1 1 1 1 1 1 1 1 1 1 1 1 1 1 1 1 1 1 1 1 1 1 1 1 1 1 1 1 1 1 -1
191 19 33 39 70 85 86 93 136 154 155 156 158 170 172 173 174 175 192 193 194 195 196 197 198 199 200 201 202 203 204 -1
0 1 1 1 1 1 1 1 1 1 1 1 1 1 1 1 1 1 1 1 1 1 1 1 1 1 1 1 1 1 1 -1
192 19 33 35 129 150 151 152 154 155 158 162 163 165 166 167 168 169 172 191 200 218 246 266 327 355 366 371 377 384 385 -1
0 1 1 1 1 1 1 1 1 1 1 1 1 1 1 1 1 1 1 1 1 1 1 1 1 1 1 1 1 1 1 -1
193 6 11 25 46 47 70 76 78 83 85 86 88 92 93 94 191 198 201 236 272 273 276 346 347 348 363 367 368 378 380 -1
0 1 1 1 1 1 1 1 1 1 1 1 1 1 1 1 1 1 1 1 1 1 1 1 1 1 1 1 1 1 1 -1
194 11 37 67 76 78 79 83 86 92 93 94 103 115 161 164 191 196 197 201 202 272 276 314 334 346 347 348 350 363 378 -1
0 1 1 1 1 1 1 1 1 1 1 1 1 1 1 1 1 1 1 1 1 1 1 1 1 1 1 1 1 1 1 -1
195 33 51 65 141 151 153 156 157 162 164 165 166 168 169 170 171 172 175 191 200 246 294 296 310 327 361 366 371 384 385 -1
0 1 1 1 1 1 1 1 1 1 1 1 1 1 1 1 1 1 1 1 1 1 1 1 1 1 1 1 1 1 1 -1
196 6 11 76 83 85 86 92 93 94 109 161 191 194 197 199 201 227 272 273 276 341 346 347 348 350 363 370 372 377 391 -1
0 1 1 1 1 1 1 1 1 1 1 1 1 1 1 1 1 1 1 1 1 1 1 1 1 1 1 1 1 1 1 -1
197 6 11 22 70 76 79 85 86 88 91 92 94 173 185 191 194 196 201 202 227 253 272 273 276 343 347 348 350 363 367 -1
0 1 1 1 1 1 1 1 1 1 1 1 1 1 1 1 1 1 1 1 1 1 1 1 1 1 1 1 1 1 1 -1
198 28 76 78 79 83 85 86 88 93 94 172 191 193 201 202 227 265 267 270 273 276 291 314 346 348 350 363 378 384 389 -1
0 1 1 1 1 1 1 1 1 1 1 1 1 1 1 1 1 1 1 1 1 1 1 1 1 1 1 1 1 1 1 -1
199 18 38 87 104 117 180 191 196 205 212 213 225 257 271 275 277 279 281 282 288 290 294 300 303 325 328 330 373 375 388 -1
0 1 1 1 1 1 1 1 1 1 1 1 1 1 1 1 1 1 1 1 1 1 1 1 1 1 1 1 1 1 1 -1
200 92 93 110 141 150 153 154 155 156 158 161 163 164 165 166 169 170 171 172 174 191 192 195 226 246 271 371 381 385 391 -1
0 1 1 1 1 1 1 1 1 1 1 1 1 1 1 1 1 1 1 1 1 1 1 1 1 1 1 1 1 1 1 -1
201 6 34 70 76 83 85 86 88 92 111 118 136 158 191 193 194 196 197 198 227 273 279 346 347 348 350 357 363 372 378 -1
0 1 1 1 1 1 1 1 1 1 1 1 1 1 1 1 1 1 1 1 1 1 1 1 1 1 1 1 1 1 1 -1
202 11 79 92 93 113 170 191 194 197 198 209 227 233 245 256 257 269 276 280 312 314 315 319 322 349 368 371 378 380 389 -1
0 1 1 1 1 1 1 1 1 1 1 1 1 1 1 1 1 1 1 1 1 1 1 1 1 1 1 1 1 1 1 -1
203 10 144 159 160 171 191 208 209 210 217 220 226 229 233 237 260 264 285 296 310 316 317 319 321 323 324 342 365 380 389 -1
0 1 1 1 1 1 1 1 1 1 1 1 1 1 1 1 1 1 1 1 1 1 1 1 1 1 1 1 1 1 1 -1
204 67 81 85 90 104 105 174 176 186 191 258 260 267 274 293 302 326 332 335 337 338 339 341 343 352 362 364 382 394 397 -1
0 1 1 1 1 1 1 1 1 1 1 1 1 1 1 1 1 1 1 1 1 1 1 1 1 1 1 1 1 1 1 -1
205 79 114 160 172 184 199 206 207 208 209 210 211 212 213 214 215 216 217 218 219 220 221 222 223 224 225 226 227 228 229 -1
0 1 1 1 1 1 1 1 1 1 1 1 1 1 1 1 1 1 1 1 1 1 1 1 1 1 1 1 1 1 1 -1
206 35 97 105 110 111 112 113 119 121 167 205 212 236 238 240 242 245 247 248 250 255 261 262 264 274 283 284 285 286 287 -1
0 1 1 1 1 1 1 1 1 1 1 1 1 1 1 1 1 1 1 1 1 1 1 1 1 1 1 1 1 1 1 -1
207 10 24 114 144 158 160 205 208 209 210 211 214 215 216 217 219 221 222 223 226 228 229 264 283 296 303 304 305 306 307 -1
0 1 1 1 1 1 1 1 1 1 1 1 1 1 1 1 1 1 1 1 1 1 1 1 1 1 1 1 1 1 1 -1
208 10 51 61 66 114 160 161 180 203 205 207 209 210 214 215 216 217 218 221 228 229 296 305 307 313 365 368 369 370 371 -1
0 1 1 1 1 1 1 1 1 1 1 1 1 1 1 1 1 1 1 1 1 1 1 1 1 1 1 1 1 1 1 -1
209 3 10 58 160 169 202 203 205 207 208 214 216 217 218 219 220 221 222 223 224 228 296 304 305 307 337 353 364 365 369 -1
0 1 1 1 1 1 1 1 1 1 1 1 1 1 1 1 1 1 1 1 1 1 1 1 1 1 1 1 1 1 1 -1
210 3 10 66 80 150 168 178 184 203 205 207 208 211 214 215 216 217 219 220 223 225 226 228 229 264 304 358 365 369 377 -1
0 1 1 1 1 1 1 1 1 1 1 1 1 1 1 1 1 1 1 1 1 1 1 1 1 1 1 1 1 1 1 -1
211 4 10 22 38 46 110 159 205 207 210 219 222 225 226 229 245 256 264 296 299 307 310 311 315 322 323 331 349 351 380 -1
0 1 1 1 1 1 1 1 1 1 1 1 1 1 1 1 1 1 1 1 1 1 1 1 1 1 1 1 1 1 1 -1
212 53 66 114 117 138 199 205 206 214 219 220 223 224 225 228 270 275 277 279 296 300 302 307 325 329 338 371 373 375 388 -1
0 1 1 1 1 1 1 1 1 1 1 1 1 1 1 1 1 1 1 1 1 1 1 1 1 1 1 1 1 1 1 -1
213 18 20 24 62 139 146 187 190 199 205 256 266 270 275 277 279 281 282 288 289 290 291 294 300 303 325 328 330 373 375 -1
0 1 1 1 1 1 1 1 1 1 1 1 1 1 1 1 1 1 1 1 1 1 1 1 1 1 1 1 1 1 1 -1
214 5 10 17 66 114 160 205 207 208 209 210 212 215 216 217 218 219 221 223 224 225 228 229 235 241 304 305 306 307 316 -1
0 1 1 1 1 1 1 1 1 1 1 1 1 1 1 1 1 1 1 1 1 1 1 1 1 1 1 1 1 1 1 -1
215 10 13 41 56 66 160 184 205 207 208 210 214 216 219 220 221 222 223 226 228 264 273 276 296 299 304 307 313 369 370 -1
0 1 1 1 1 1 1 1 1 1 1 1 1 1 1 1 1 1 1 1 1 1 1 1 1 1 1 1 1 1 1 -1
216 10 66 105 111 114 139 146 160 165 205 207 208 209 210 214 215 217 218 222 225 229 264 270 290 296 304 305 307 365 369 -1
0 1 1 1 1 1 1 1 1 1 1 1 1 1 1 1 1 1 1 1 1 1 1 1 1 1 1 1 1 1 1 -1
217 10 48 87 114 119 160 203 205 207 208 209 210 214 216 218 219 221 222 223 225 226 229 264 296 307 313 319 328 361 365 -1
0 1 1 1 1 1 1 1 1 1 1 1 1 1 1 1 1 1 1 1 1 1 1 1 1 1 1 1 1 1 1 -1
218 10 66 72 114 160 177 192 205 208 209 214 216 217 219 221 222 223 224 225 226 229 292 296 304 305 306 307 365 370 380 -1
0 1 1 1 1 1 1 1 1 1 1 1 1 1 1 1 1 1 1 1 1 1 1 1 1 1 1 1 1 1 1 -1
219 10 65 168 205 207 209 210 211 212 214 215 217 218 220 221 224 225 228 244 255 264 276 304 307 353 359 365 369 370 398 -1
0 1 1 1 1 1 1 1 1 1 1 1 1 1 1 1 1 1 1 1 1 1 1 1 1 1 1 1 1 1 1 -1
220 6 10 13 66 114 139 160 184 203 205 209 210 212 215 219 221 222 224 226 237 264 296 304 305 313 342 348 365 369 382 -1
0 1 1 1 1 1 1 1 1 1 1 1 1 1 1 1 1 1 1 1 1 1 1 1 1 1 1 1 1 1 1 -1
221 3 66 114 155 160 184 205 207 208 209 214 215 217 218 219 220 222 223 224 225 229 234 270 286 296 304 305 307 361 365 -1
0 1 1 1 1 1 1 1 1 1 1 1 1 1 1 1 1 1 1 1 1 1 1 1 1 1 1 1 1 1 1 -1
222 6 66 76 113 118 160 168 184 205 207 209 211 215 216 217 218 220 221 223 224 225 226 229 264 304 307 333 357 365 369 -1
0 1 1 1 1 1 1 1 1 1 1 1 1 1 1 1 1 1 1 1 1 1 1 1 1 1 1 1 1 1 1 -1
223 36 44 63 66 108 114 160 168 189 205 207 209 210 212 214 215 217 218 221 222 224 225 264 296 304 305 313 326 365 369 -1
0 1 1 1 1 1 1 1 1 1 1 1 1 1 1 1 1 1 1 1 1 1 1 1 1 1 1 1 1 1 1 -1
224 10 36 66 86 100 114 121 129 139 205 209 212 214 218 219 220 221 222 223 225 226 228 264 304 305 307 353 354 365 369 -1
0 1 1 1 1 1 1 1 1 1 1 1 1 1 1 1 1 1 1 1 1 1 1 1 1 1 1 1 1 1 1 -1
225 28 107 114 115 139 199 205 210 211 212 214 216 217 218 219 221 222 223 224 226 228 264 281 296 305 307 365 369 370 382 -1
0 1 1 1 1 1 1 1 1 1 1 1 1 1 1 1 1 1 1 1 1 1 1 1 1 1 1 1 1 1 1 -1
226 59 66 153 160 171 200 203 205 207 210 211 215 217 218 220 222 224 225 228 229 264 296 304 305 313 365 369 370 384 388 -1
0 1 1 1 1 1 1 1 1 1 1 1 1 1 1 1 1 1 1 1 1 1 1 1 1 1 1 1 1 1 1 -1
227 6 11 70 76 79 83 86 88 94 104 161 196 197 198 201 202 205 264 265 266 267 276 284 346 347 348 350 363 364 367 -1
0 1 1 1 1 1 1 1 1 1 1 1 1 1 1 1 1 1 1 1 1 1 1 1 1 1 1 1 1 1 1 -1
228 10 17 66 114 119 130 139 160 167 168 184 205 207 208 209 210 212 214 215 219 224 225 226 229 264 304 316 365 370 382 -1
0 1 1 1 1 1 1 1 1 1 1 1 1 1 1 1 1 1 1 1 1 1 1 1 1 1 1 1 1 1 1 -1
229 10 12 114 139 167 176 184 203 205 207 208 210 211 214 216 217 218 221 222 226 228 248 304 305 313 317 325 353 365 369 -1
0 1 1 1 1 1 1 1 1 1 1 1 1 1 1 1 1 1 1 1 1 1 1 1 1 1 1 1 1 1 1 -1
230 9 16 59 68 88 103 118 134 144 231 232 233 234 235 236 237 238 239 240 241 242 243 244 245 246 247 248 249 250 251 -1
0 1 1 1 1 1 1 1 1 1 1 1 1 1 1 1 1 1 1 1 1 1 1 1 1 1 1 1 1 1 1 -1
231 32 62 96 97 98 100 101 102 104 105 108 110 111 112 113 115 118 119 120 121 170 179 188 230 261 263 299 300 301 302 -1
0 1 1 1 1 1 1 1 1 1 1 1 1 1 1 1 1 1 1 1 1 1 1 1 1 1 1 1 1 1 1 -1
232 4 9 16 48 59 103 131 134 184 230 235 236 238 240 241 242 244 247 248 249 251 282 284 286 287 318 358 359 360 361 -1
0 1 1 1 1 1 1 1 1 1 1 1 1 1 1 1 1 1 1 1 1 1 1 1 1 1 1 1 1 1 1 -1
233 7 16 96 97 106 109 112 115 121 140 157 178 188 202 203 230 256 259 262 263 301 310 312 314 315 316 323 351 360 380 -1
0 1 1 1 1 1 1 1 1 1 1 1 1 1 1 1 1 1 1 1 1 1 1 1 1 1 1 1 1 1 1 -1
234 59 103 133 134 186 221 230 235 236 239 240 241 245 247 248 249 250 251 283 284 286 287 305 319 359 360 361 383 390 393 -1
0 1 1 1 1 1 1 1 1 1 1 1 1 1 1 1 1 1 1 1 1 1 1 1 1 1 1 1 1 1 1 -1
235 9 68 144 185 214 230 232 234 236 238 239 240 242 244 247 249 250 251 272 283 284 323 358 359 360 386 387 388 391 392 -1
0 1 1 1 1 1 1 1 1 1 1 1 1 1 1 1 1 1 1 1 1 1 1 1 1 1 1 1 1 1 1 -1
236 9 16 26 96 103 118 119 134 144 193 206 230 232 234 235 239 241 242 248 250 277 281 287 358 360 361 383 388 390 391 -1
0 1 1 1 1 1 1 1 1 1 1 1 1 1 1 1 1 1 1 1 1 1 1 1 1 1 1 1 1 1 1 -1
237 108 140 178 203 220 230 252 280 285 292 299 306 309 310 311 312 313 315 316 319 321 324 349 351 366 368 374 380 389 390 -1
0 1 1 1 1 1 1 1 1 1 1 1 1 1 1 1 1 1 1 1 1 1 1 1 1 1 1 1 1 1 1 -1
238 16 19 68 84 103 107 118 134 141 206 230 232 235 241 244 245 249 250 283 284 286 287 333 334 349 358 359 361 388 391 -1
0 1 1 1 1 1 1 1 1 1 1 1 1 1 1 1 1 1 1 1 1 1 1 1 1 1 1 1 1 1 1 -1
239 9 16 59 96 103 118 121 134 148 152 171 230 234 235 236 240 241 245 249 250 283 284 286 287 317 358 359 360 361 390 -1
0 1 1 1 1 1 1 1 1 1 1 1 1 1 1 1 1 1 1 1 1 1 1 1 1 1 1 1 1 1 1 -1
240 16 103 134 144 145 146 168 206 230 232 234 235 239 241 242 245 247 249 250 251 284 286 287 292 350 358 359 361 377 391 -1
0 1 1 1 1 1 1 1 1 1 1 1 1 1 1 1 1 1 1 1 1 1 1 1 1 1 1 1 1 1 1 -1
241 16 18 59 68 126 134 141 179 214 230 232 234 236 238 239 240 242 244 247 249 251 263 283 287 358 359 361 383 388 396 -1
0 1 1 1 1 1 1 1 1 1 1 1 1 1 1 1 1 1 1 1 1 1 1 1 1 1 1 1 1 1 1 -1
242 16 48 59 68 103 134 144 206 230 232 235 236 240 241 247 250 283 284 286 287 313 315 340 342 358 359 361 368 390 391 -1
0 1 1 1 1 1 1 1 1 1 1 1 1 1 1 1 1 1 1 1 1 1 1 1 1 1 1 1 1 1 1 -1
243 4 8 66 73 87 230 257 259 265 268 270 271 275 277 279 281 282 288 289 290 291 294 300 325 328 329 330 373 388 396 -1
0 1 1 1 1 1 1 1 1 1 1 1 1 1 1 1 1 1 1 1 1 1 1 1 1 1 1 1 1 1 1 -1
244 16 26 30 59 68 103 118 130 144 178 219 230 232 235 238 241 249 250 251 283 284 286 350 358 359 361 383 388 390 391 -1
0 1 1 1 1 1 1 1 1 1 1 1 1 1 1 1 1 1 1 1 1 1 1 1 1 1 1 1 1 1 1 -1
245 9 14 16 20 59 134 141 144 202 206 211 230 234 238 239 240 247 248 249 250 251 270 283 286 287 311 361 383 390 391 -1
0 1 1 1 1 1 1 1 1 1 1 1 1 1 1 1 1 1 1 1 1 1 1 1 1 1 1 1 1 1 1 -1
246 36 148 150 154 155 157 158 159 161 162 163 164 167 169 170 171 172 174 175 192 195 200 230 304 312 327 367 371 377 385 -1
0 1 1 1 1 1 1 1 1 1 1 1 1 1 1 1 1 1 1 1 1 1 1 1 1 1 1 1 1 1 1 -1
247 9 16 59 68 101 103 118 134 135 144 166 206 230 232 234 235 240 241 242 245 251 281 284 286 287 296 320 359 390 391 -1
0 1 1 1 1 1 1 1 1 1 1 1 1 1 1 1 1 1 1 1 1 1 1 1 1 1 1 1 1 1 1 -1
248 16 59 93 97 104 134 144 155 187 206 229 230 232 234 236 245 258 266 268 271 277 282 300 320 328 330 358 360 392 396 -1
0 1 1 1 1 1 1 1 1 1 1 1 1 1 1 1 1 1 1 1 1 1 1 1 1 1 1 1 1 1 1 -1
249 16 20 59 69 103 114 118 134 144 180 230 232 234 235 238 239 240 241 244 245 250 251 282 283 284 349 358 361 390 391 -1
0 1 1 1 1 1 1 1 1 1 1 1 1 1 1 1 1 1 1 1 1 1 1 1 1 1 1 1 1 1 1 -1
250 9 16 39 59 68 77 103 134 155 206 230 234 235 236 238 239 240 242 244 245 249 336 343 359 361 362 383 390 391 392 -1
0 1 1 1 1 1 1 1 1 1 1 1 1 1 1 1 1 1 1 1 1 1 1 1 1 1 1 1 1 1 1 -1
251 16 53 59 68 74 134 139 141 144 230 232 234 235 240 241 244 245 247 249 284 286 289 348 359 360 361 362 388 391 392 -1
0 1 1 1 1 1 1 1 1 1 1 1 1 1 1 1 1 1 1 1 1 1 1 1 1 1 1 1 1 1 1 -1
252 2 16 100 128 159 178 237 292 306 308 309 310 311 312 313 315 316 317 318 320 321 323 324 349 351 368 374 383 389 397 -1
0 1 1 1 1 1 1 1 1 1 1 1 1 1 1 1 1 1 1 1 1 1 1 1 1 1 1 1 1 1 1 -1
253 2 17 26 54 68 76 176 185 186 197 258 260 278 302 323 332 333 334 336 339 340 342 352 364 387 393 394 395 397 399 -1
0 1 1 1 1 1 1 1 1 1 1 1 1 1 1 1 1 1 1 1 1 1 1 1 1 1 1 1 1 1 1 -1
254 2 4 5 7 8 12 13 15 19 20 23 24 25 27 29 30 61 63 64 65 72 74 104 121 125 135 145 266 301 355 -1
0 1 1 1 1 1 1 1 1 1 1 1 1 1 1 1 1 1 1 1 1 1 1 1 1 1 1 1 1 1 1 -1
255 22 35 98 99 100 101 106 107 108 110 111 112 113 115 118 119 120 179 188 206 219 256 257 258 259 260 261 262 263 264 -1
0 1 1 1 1 1 1 1 1 1 1 1 1 1 1 1 1 1 1 1 1 1 1 1 1 1 1 1 1 1 1 -1
256 108 176 189 202 211 213 233 255 273 292 299 300 306 308 309 310 311 312 313 314 315 316 317 318 319 320 321 322 323 324 -1
0 1 1 1 1 1 1 1 1 1 1 1 1 1 1 1 1 1 1 1 1 1 1 1 1 1 1 1 1 1 1 -1
257 58 61 66 108 119 159 178 187 199 202 243 255 262 279 281 282 290 294 303 306 308 310 311 320 322 323 330 349 375 384 -1
0 1 1 1 1 1 1 1 1 1 1 1 1 1 1 1 1 1 1 1 1 1 1 1 1 1 1 1 1 1 1 -1
258 62 70 81 101 102 106 109 110 112 113 115 121 163 186 204 248 253 255 261 263 277 281 293 295 326 337 378 382 386 387 -1
0 1 1 1 1 1 1 1 1 1 1 1 1 1 1 1 1 1 1 1 1 1 1 1 1 1 1 1 1 1 1 -1
259 41 45 81 84 89 96 98 100 101 102 106 107 109 110 111 112 115 118 119 120 121 179 188 233 243 255 261 263 295 301 -1
0 1 1 1 1 1 1 1 1 1 1 1 1 1 1 1 1 1 1 1 1 1 1 1 1 1 1 1 1 1 1 -1
260 26 39 81 90 140 170 173 203 204 253 255 265 274 293 295 326 333 335 336 339 340 341 343 364 378 393 394 397 398 399 -1
0 1 1 1 1 1 1 1 1 1 1 1 1 1 1 1 1 1 1 1 1 1 1 1 1 1 1 1 1 1 1 -1
261 35 57 96 97 98 99 102 105 107 108 109 111 113 119 121 206 231 255 258 259 262 263 299 301 303 310 328 367 379 384 -1
0 1 1 1 1 1 1 1 1 1 1 1 1 1 1 1 1 1 1 1 1 1 1 1 1 1 1 1 1 1 1 -1
262 35 40 89 96 98 99 101 102 105 107 108 109 110 112 113 115 119 188 206 233 255 257 261 263 270 319 329 336 360 379 -1
0 1 1 1 1 1 1 1 1 1 1 1 1 1 1 1 1 1 1 1 1 1 1 1 1 1 1 1 1 1 1 -1
263 35 89 97 98 100 101 102 105 107 110 111 112 118 119 135 141 163 173 179 231 233 241 255 258 259 261 262 301 310 379 -1
0 1 1 1 1 1 1 1 1 1 1 1 1 1 1 1 1 1 1 1 1 1 1 1 1 1 1 1 1 1 1 -1
264 10 66 72 92 105 114 139 168 203 206 207 210 211 215 216 217 219 220 222 223 224 225 226 227 228 255 296 307 353 370 -1
0 1 1 1 1 1 1 1 1 1 1 1 1 1 1 1 1 1 1 1 1 1 1 1 1 1 1 1 1 1 1 -1
265 18 55 76 85 86 90 93 136 187 198 227 243 260 266 267 268 269 270 271 272 273 274 275 276 277 278 279 280 281 282 -1
0 1 1 1 1 1 1 1 1 1 1 1 1 1 1 1 1 1 1 1 1 1 1 1 1 1 1 1 1 1 1 -1
266 15 20 21 22 24 27 28 30 34 64 71 73 140 192 213 227 248 254 265 270 275 277 282 288 289 290 291 292 293 294 -1
0 1 1 1 1 1 1 1 1 1 1 1 1 1 1 1 1 1 1 1 1 1 1 1 1 1 1 1 1 1 1 -1
267 36 42 70 76 83 92 94 126 173 178 198 204 227 265 273 278 302 336 337 339 340 341 344 345 348 357 362 363 364 365 -1
0 1 1 1 1 1 1 1 1 1 1 1 1 1 1 1 1 1 1 1 1 1 1 1 1 1 1 1 1 1 1 -1
268 18 58 87 117 146 172 187 243 248 265 270 271 275 277 281 289 290 295 300 303 308 321 325 328 329 356 370 373 375 396 -1
0 1 1 1 1 1 1 1 1 1 1 1 1 1 1 1 1 1 1 1 1 1 1 1 1 1 1 1 1 1 1 -1
269 10 26 57 74 81 173 176 185 186 202 265 274 293 301 309 333 334 338 342 343 344 345 352 378 382 387 393 394 395 399 -1
0 1 1 1 1 1 1 1 1 1 1 1 1 1 1 1 1 1 1 1 1 1 1 1 1 1 1 1 1 1 1 -1
270 18 58 104 117 141 187 198 212 213 216 221 243 245 262 265 266 268 277 279 282 288 290 300 303 325 328 329 373 375 396 -1
0 1 1 1 1 1 1 1 1 1 1 1 1 1 1 1 1 1 1 1 1 1 1 1 1 1 1 1 1 1 1 -1
271 58 62 87 104 117 165 199 200 243 248 265 268 275 279 289 290 291 294 296 303 319 325 329 330 340 366 373 388 392 396 -1
0 1 1 1 1 1 1 1 1 1 1 1 1 1 1 1 1 1 1 1 1 1 1 1 1 1 1 1 1 1 1 -1
272 11 63 70 76 78 79 82 83 88 92 94 136 161 193 194 196 197 235 265 273 276 309 314 324 346 347 363 367 378 399 -1
0 1 1 1 1 1 1 1 1 1 1 1 1 1 1 1 1 1 1 1 1 1 1 1 1 1 1 1 1 1 1 -1
273 6 11 29 49 72 76 78 86 88 92 161 193 196 197 198 201 215 256 265 267 272 276 278 298 314 347 348 350 363 378 -1
0 1 1 1 1 1 1 1 1 1 1 1 1 1 1 1 1 1 1 1 1 1 1 1 1 1 1 1 1 1 1 -1
274 26 57 80 90 126 151 161 173 176 204 206 260 265 269 326 331 333 334 335 336 337 338 339 343 345 386 387 394 395 397 -1
0 1 1 1 1 1 1 1 1 1 1 1 1 1 1 1 1 1 1 1 1 1 1 1 1 1 1 1 1 1 1 -1
275 18 41 48 87 117 157 158 187 199 212 213 243 265 266 268 271 288 289 290 291 294 300 303 328 329 332 373 375 381 396 -1
0 1 1 1 1 1 1 1 1 1 1 1 1 1 1 1 1 1 1 1 1 1 1 1 1 1 1 1 1 1 1 -1
276 6 11 21 76 78 86 88 92 94 136 138 193 194 196 197 198 202 215 219 227 265 272 273 278 314 330 347 351 367 378 -1
0 1 1 1 1 1 1 1 1 1 1 1 1 1 1 1 1 1 1 1 1 1 1 1 1 1 1 1 1 1 1 -1
277 18 44 66 85 87 187 199 212 213 236 243 248 258 265 266 268 270 279 281 288 289 300 303 325 328 330 359 373 392 396 -1
0 1 1 1 1 1 1 1 1 1 1 1 1 1 1 1 1 1 1 1 1 1 1 1 1 1 1 1 1 1 1 -1
278 6 11 23 28 57 67 70 78 79 83 88 90 147 172 173 185 186 253 265 267 273 276 286 341 344 345 350 352 395 398 -1
0 1 1 1 1 1 1 1 1 1 1 1 1 1 1 1 1 1 1 1 1 1 1 1 1 1 1 1 1 1 1 -1
279 9 21 58 62 104 117 146 199 201 212 213 243 257 265 270 271 277 282 288 289 290 291 294 325 329 333 338 345 373 388 -1
0 1 1 1 1 1 1 1 1 1 1 1 1 1 1 1 1 1 1 1 1 1 1 1 1 1 1 1 1 1 1 -1
280 36 38 44 45 49 52 53 54 55 56 128 132 178 202 237 265 292 310 313 321 323 324 355 357 367 368 378 379 380 398 -1
0 1 1 1 1 1 1 1 1 1 1 1 1 1 1 1 1 1 1 1 1 1 1 1 1 1 1 1 1 1 1 -1
281 18 58 87 104 117 147 187 199 213 225 236 243 247 257 258 265 268 277 282 288 291 294 307 328 329 330 373 375 392 396 -1
0 1 1 1 1 1 1 1 1 1 1 1 1 1 1 1 1 1 1 1 1 1 1 1 1 1 1 1 1 1 1 -1
282 58 62 87 104 114 177 199 213 232 243 248 249 257 265 266 270 279 281 288 289 291 300 325 328 329 330 359 386 388 396 -1
0 1 1 1 1 1 1 1 1 1 1 1 1 1 1 1 1 1 1 1 1 1 1 1 1 1 1 1 1 1 1 -1
283 16 18 38 59 68 206 207 234 235 238 239 241 242 244 245 249 284 287 314 317 358 359 360 361 383 388 390 391 392 394 -1
0 1 1 1 1 1 1 1 1 1 1 1 1 1 1 1 1 1 1 1 1 1 1 1 1 1 1 1 1 1 1 -1
284 16 39 53 68 103 141 144 206 227 232 234 235 238 239 240 242 244 247 249 251 283 286 287 294 336 341 360 361 390 392 -1
0 1 1 1 1 1 1 1 1 1 1 1 1 1 1 1 1 1 1 1 1 1 1 1 1 1 1 1 1 1 1 -1
285 3 60 69 84 116 125 126 127 129 132 133 135 137 138 140 142 143 147 148 180 182 183 189 203 206 237 297 321 353 354 -1
0 1 1 1 1 1 1 1 1 1 1 1 1 1 1 1 1 1 1 1 1 1 1 1 1 1 1 1 1 1 1 -1
286 59 68 94 103 134 141 187 206 221 232 234 238 239 240 242 244 245 247 251 278 284 287 313 315 358 359 361 388 390 391 -1
0 1 1 1 1 1 1 1 1 1 1 1 1 1 1 1 1 1 1 1 1 1 1 1 1 1 1 1 1 1 1 -1
287 59 60 68 103 118 130 175 176 206 232 234 236 238 239 240 241 242 245 247 283 284 286 346 349 358 359 360 361 390 391 -1
0 1 1 1 1 1 1 1 1 1 1 1 1 1 1 1 1 1 1 1 1 1 1 1 1 1 1 1 1 1 1 -1
288 18 59 72 87 103 117 146 156 163 199 213 243 266 270 275 277 279 281 282 289 290 291 303 325 328 329 330 373 374 375 -1
0 1 1 1 1 1 1 1 1 1 1 1 1 1 1 1 1 1 1 1 1 1 1 1 1 1 1 1 1 1 1 -1
289 18 27 59 87 104 127 142 213 243 251 266 268 271 275 277 279 282 288 290 291 294 300 303 328 329 353 373 375 392 396 -1
0 1 1 1 1 1 1 1 1 1 1 1 1 1 1 1 1 1 1 1 1 1 1 1 1 1 1 1 1 1 1 -1
290 18 60 87 117 134 139 187 199 213 216 243 257 266 268 270 271 275 279 288 289 294 300 301 303 325 329 330 364 373 396 -1
0 1 1 1 1 1 1 1 1 1 1 1 1 1 1 1 1 1 1 1 1 1 1 1 1 1 1 1 1 1 1 -1
291 12 18 20 62 63 87 117 187 198 213 243 266 271 275 279 281 282 288 289 294 300 303 310 328 329 330 369 373 375 396 -1
0 1 1 1 1 1 1 1 1 1 1 1 1 1 1 1 1 1 1 1 1 1 1 1 1 1 1 1 1 1 1 -1
292 79 83 108 218 237 240 252 256 266 280 299 308 309 310 311 312 315 316 317 318 319 320 321 322 323 324 349 368 374 388 -1
0 1 1 1 1 1 1 1 1 1 1 1 1 1 1 1 1 1 1 1 1 1 1 1 1 1 1 1 1 1 1 -1
293 17 42 81 90 114 204 258 260 266 269 300 325 326 332 334 335 338 339 340 342 343 345 351 362 364 386 387 395 397 398 -1
0 1 1 1 1 1 1 1 1 1 1 1 1 1 1 1 1 1 1 1 1 1 1 1 1 1 1 1 1 1 1 -1
294 18 58 64 87 117 154 195 199 213 243 257 266 271 275 279 281 284 289 290 291 303 325 328 330 348 373 375 385 392 396 -1
0 1 1 1 1 1 1 1 1 1 1 1 1 1 1 1 1 1 1 1 1 1 1 1 1 1 1 1 1 1 1 -1
295 17 26 69 71 77 84 116 125 129 132 133 143 145 160 177 181 185 189 258 259 260 268 302 333 341 362 386 395 396 398 -1
0 1 1 1 1 1 1 1 1 1 1 1 1 1 1 1 1 1 1 1 1 1 1 1 1 1 1 1 1 1 1 -1
296 18 66 114 168 177 195 203 207 208 209 211 212 215 216 217 218 220 221 223 225 226 247 264 271 304 305 307 369 370 379 -1
0 1 1 1 1 1 1 1 1 1 1 1 1 1 1 1 1 1 1 1 1 1 1 1 1 1 1 1 1 1 1 -1
297 23 34 37 39 41 42 43 44 45 46 47 50 53 54 55 56 58 60 62 67 77 80 126 136 177 188 285 356 357 376 -1
0 1 1 1 1 1 1 1 1 1 1 1 1 1 1 1 1 1 1 1 1 1 1 1 1 1 1 1 1 1 1 -1
298 41 50 66 69 84 91 124 125 126 130 131 132 133 135 137 138 140 145 148 177 180 181 182 183 184 190 273 315 354 384 -1
0 1 1 1 1 1 1 1 1 1 1 1 1 1 1 1 1 1 1 1 1 1 1 1 1 1 1 1 1 1 1 -1
299 56 64 89 97 101 105 110 111 118 121 178 188 211 215 231 237 256 261 292 301 308 312 317 319 323 351 354 376 380 381 -1
0 1 1 1 1 1 1 1 1 1 1 1 1 1 1 1 1 1 1 1 1 1 1 1 1 1 1 1 1 1 1 -1
300 58 87 139 146 187 199 212 213 231 243 248 256 268 270 275 277 282 289 290 291 293 303 307 325 328 329 330 373 385 388 -1
0 1 1 1 1 1 1 1 1 1 1 1 1 1 1 1 1 1 1 1 1 1 1 1 1 1 1 1 1 1 1 -1
301 26 40 89 96 97 98 101 105 106 107 108 109 110 111 112 118 119 169 179 183 188 231 233 254 259 261 263 269 290 299 -1
0 1 1 1 1 1 1 1 1 1 1 1 1 1 1 1 1 1 1 1 1 1 1 1 1 1 1 1 1 1 1 -1
302 11 68 81 86 90 176 186 204 212 231 253 267 295 331 333 334 335 338 339 342 362 378 383 387 389 393 395 397 398 399 -1
0 1 1 1 1 1 1 1 1 1 1 1 1 1 1 1 1 1 1 1 1 1 1 1 1 1 1 1 1 1 1 -1
303 18 45 58 112 117 166 175 187 199 207 213 257 261 268 270 271 275 277 288 289 290 291 294 300 325 329 330 373 375 388 -1
0 1 1 1 1 1 1 1 1 1 1 1 1 1 1 1 1 1 1 1 1 1 1 1 1 1 1 1 1 1 1 -1
304 5 10 20 62 66 88 114 158 160 168 207 209 210 214 215 216 218 219 220 221 222 223 224 226 228 229 246 296 353 369 -1
0 1 1 1 1 1 1 1 1 1 1 1 1 1 1 1 1 1 1 1 1 1 1 1 1 1 1 1 1 1 1 -1
305 10 63 66 86 114 132 142 160 168 207 208 209 214 216 218 220 221 223 224 225 226 229 234 296 307 353 365 369 370 393 -1
0 1 1 1 1 1 1 1 1 1 1 1 1 1 1 1 1 1 1 1 1 1 1 1 1 1 1 1 1 1 1 -1
306 40 152 159 178 207 214 218 237 252 256 257 308 309 311 312 314 315 316 317 318 319 321 323 324 342 351 352 368 374 389 -1
0 1 1 1 1 1 1 1 1 1 1 1 1 1 1 1 1 1 1 1 1 1 1 1 1 1 1 1 1 1 1 -1
307 10 26 66 114 183 184 207 208 209 211 212 214 215 216 217 218 219 221 222 224 225 264 281 296 300 305 355 365 369 381 -1
0 1 1 1 1 1 1 1 1 1 1 1 1 1 1 1 1 1 1 1 1 1 1 1 1 1 1 1 1 1 1 -1
308 62 70 108 159 178 252 256 257 268 292 299 306 309 310 311 312 313 314 315 317 318 321 324 337 362 368 374 380 389 390 -1
0 1 1 1 1 1 1 1 1 1 1 1 1 1 1 1 1 1 1 1 1 1 1 1 1 1 1 1 1 1 1 -1
309 12 30 38 40 101 159 178 237 252 256 269 272 292 306 308 310 312 314 315 316 317 319 320 322 339 349 351 368 380 389 -1
0 1 1 1 1 1 1 1 1 1 1 1 1 1 1 1 1 1 1 1 1 1 1 1 1 1 1 1 1 1 1 -1
310 108 159 178 195 203 211 233 237 252 256 257 261 263 280 291 292 308 309 311 312 316 317 319 321 322 347 355 368 374 380 -1
0 1 1 1 1 1 1 1 1 1 1 1 1 1 1 1 1 1 1 1 1 1 1 1 1 1 1 1 1 1 1 -1
311 17 25 40 96 119 159 211 237 245 252 256 257 292 306 308 310 314 316 317 318 320 322 323 324 349 351 374 380 389 395 -1
0 1 1 1 1 1 1 1 1 1 1 1 1 1 1 1 1 1 1 1 1 1 1 1 1 1 1 1 1 1 1 -1
312 49 72 77 108 159 178 202 233 237 246 252 256 292 299 306 308 309 310 315 316 317 319 320 321 322 323 328 349 352 380 -1
0 1 1 1 1 1 1 1 1 1 1 1 1 1 1 1 1 1 1 1 1 1 1 1 1 1 1 1 1 1 1 -1
313 10 66 114 124 148 182 208 215 217 220 223 226 229 237 242 252 256 280 286 308 318 319 322 323 324 333 353 365 368 380 -1
0 1 1 1 1 1 1 1 1 1 1 1 1 1 1 1 1 1 1 1 1 1 1 1 1 1 1 1 1 1 1 -1
314 17 48 70 76 79 88 105 108 194 198 202 233 256 272 273 276 283 306 308 309 311 319 320 324 330 333 347 350 351 368 -1
0 1 1 1 1 1 1 1 1 1 1 1 1 1 1 1 1 1 1 1 1 1 1 1 1 1 1 1 1 1 1 -1
315 38 134 159 202 211 233 237 242 252 256 286 292 298 306 308 309 312 318 320 321 322 323 324 330 349 351 352 368 374 389 -1
0 1 1 1 1 1 1 1 1 1 1 1 1 1 1 1 1 1 1 1 1 1 1 1 1 1 1 1 1 1 1 -1
316 27 74 99 104 159 178 203 214 228 233 237 252 256 292 306 309 310 311 312 317 318 319 320 321 322 349 351 368 374 380 -1
0 1 1 1 1 1 1 1 1 1 1 1 1 1 1 1 1 1 1 1 1 1 1 1 1 1 1 1 1 1 1 -1
317 16 38 159 184 203 229 239 252 256 283 292 299 306 308 309 310 311 312 316 318 319 320 322 344 349 351 368 374 380 389 -1
0 1 1 1 1 1 1 1 1 1 1 1 1 1 1 1 1 1 1 1 1 1 1 1 1 1 1 1 1 1 1 -1
318 38 40 50 58 89 106 137 178 232 252 256 292 306 308 311 313 315 316 317 319 320 321 322 323 324 349 351 368 374 380 -1
0 1 1 1 1 1 1 1 1 1 1 1 1 1 1 1 1 1 1 1 1 1 1 1 1 1 1 1 1 1 1 -1
319 156 159 178 202 203 217 234 237 256 262 271 292 299 306 309 310 312 313 314 316 317 318 323 324 351 368 374 380 387 389 -1
0 1 1 1 1 1 1 1 1 1 1 1 1 1 1 1 1 1 1 1 1 1 1 1 1 1 1 1 1 1 1 -1
320 33 38 108 141 151 159 178 247 248 252 256 257 292 309 311 312 314 315 316 317 318 322 323 349 351 359 368 374 380 389 -1
0 1 1 1 1 1 1 1 1 1 1 1 1 1 1 1 1 1 1 1 1 1 1 1 1 1 1 1 1 1 1 -1
321 32 38 40 76 159 178 203 237 252 256 268 280 285 292 306 308 310 312 315 316 318 322 323 331 349 351 368 374 383 389 -1
0 1 1 1 1 1 1 1 1 1 1 1 1 1 1 1 1 1 1 1 1 1 1 1 1 1 1 1 1 1 1 -1
322 22 38 40 101 111 137 140 159 178 202 211 256 257 292 309 310 311 312 313 315 316 317 318 320 321 323 324 351 383 389 -1
0 1 1 1 1 1 1 1 1 1 1 1 1 1 1 1 1 1 1 1 1 1 1 1 1 1 1 1 1 1 1 -1
323 6 73 78 203 211 233 235 252 253 256 257 280 292 299 306 311 312 313 315 318 319 320 321 322 324 349 368 374 389 398 -1
0 1 1 1 1 1 1 1 1 1 1 1 1 1 1 1 1 1 1 1 1 1 1 1 1 1 1 1 1 1 1 -1
324 38 40 58 59 78 125 178 203 237 252 256 272 280 292 306 308 311 313 314 315 318 319 322 323 349 351 368 374 389 394 -1
0 1 1 1 1 1 1 1 1 1 1 1 1 1 1 1 1 1 1 1 1 1 1 1 1 1 1 1 1 1 1 -1
325 11 18 42 87 104 117 146 187 199 212 213 229 243 268 270 271 277 279 282 288 290 293 294 300 303 326 327 328 329 330 -1
0 1 1 1 1 1 1 1 1 1 1 1 1 1 1 1 1 1 1 1 1 1 1 1 1 1 1 1 1 1 1 -1
326 12 26 30 32 90 108 185 186 204 223 258 260 274 293 325 331 332 333 334 335 336 337 338 339 340 341 342 343 344 345 -1
0 1 1 1 1 1 1 1 1 1 1 1 1 1 1 1 1 1 1 1 1 1 1 1 1 1 1 1 1 1 1 -1
327 33 87 113 141 150 151 152 155 156 157 161 162 163 166 167 168 170 171 172 174 192 195 246 325 337 356 371 377 385 394 -1
0 1 1 1 1 1 1 1 1 1 1 1 1 1 1 1 1 1 1 1 1 1 1 1 1 1 1 1 1 1 1 -1
328 18 62 87 96 104 116 117 172 187 199 213 217 243 248 261 268 270 275 277 281 282 288 289 291 294 300 312 325 329 375 -1
0 1 1 1 1 1 1 1 1 1 1 1 1 1 1 1 1 1 1 1 1 1 1 1 1 1 1 1 1 1 1 -1
329 18 27 50 62 66 87 120 127 146 187 212 243 262 268 270 271 275 279 281 282 288 289 290 291 300 303 325 328 330 396 -1
0 1 1 1 1 1 1 1 1 1 1 1 1 1 1 1 1 1 1 1 1 1 1 1 1 1 1 1 1 1 1 -1
330 18 71 117 160 187 199 213 243 248 257 271 276 277 281 282 288 290 291 294 300 303 314 315 325 329 354 375 388 392 396 -1
0 1 1 1 1 1 1 1 1 1 1 1 1 1 1 1 1 1 1 1 1 1 1 1 1 1 1 1 1 1 1 -1
331 26 34 37 39 44 45 51 52 54 55 121 211 274 302 321 326 336 337 345 352 356 358 363 364 370 373 376 386 394 399 -1
0 1 1 1 1 1 1 1 1 1 1 1 1 1 1 1 1 1 1 1 1 1 1 1 1 1 1 1 1 1 1 -1
332 26 57 85 88 90 131 166 176 185 204 253 275 293 326 334 335 336 337 339 340 342 343 344 352 364 386 387 390 393 398 -1
0 1 1 1 1 1 1 1 1 1 1 1 1 1 1 1 1 1 1 1 1 1 1 1 1 1 1 1 1 1 1 -1
333 57 81 90 93 173 185 222 238 253 260 269 274 279 295 302 313 314 326 334 336 337 340 343 344 352 364 386 394 397 399 -1
0 1 1 1 1 1 1 1 1 1 1 1 1 1 1 1 1 1 1 1 1 1 1 1 1 1 1 1 1 1 1 -1
334 26 81 151 179 185 194 238 253 269 274 293 302 326 332 333 336 338 341 343 344 352 362 372 380 386 387 393 394 395 399 -1
0 1 1 1 1 1 1 1 1 1 1 1 1 1 1 1 1 1 1 1 1 1 1 1 1 1 1 1 1 1 1 -1
335 26 37 90 97 112 113 176 185 204 260 274 293 302 326 332 336 338 341 342 343 344 345 351 364 370 387 394 395 398 399 -1
0 1 1 1 1 1 1 1 1 1 1 1 1 1 1 1 1 1 1 1 1 1 1 1 1 1 1 1 1 1 1 -1
336 17 26 37 57 173 175 186 250 253 260 262 267 274 284 326 331 332 333 334 335 337 343 345 352 359 362 364 383 393 399 -1
0 1 1 1 1 1 1 1 1 1 1 1 1 1 1 1 1 1 1 1 1 1 1 1 1 1 1 1 1 1 1 -1
337 17 57 117 133 173 176 186 204 209 258 267 274 308 326 327 331 332 333 336 338 339 340 342 343 345 352 358 387 395 398 -1
0 1 1 1 1 1 1 1 1 1 1 1 1 1 1 1 1 1 1 1 1 1 1 1 1 1 1 1 1 1 1 -1
338 17 57 64 83 173 176 204 212 269 274 279 293 302 326 334 335 337 342 343 344 352 362 375 386 393 394 395 396 397 398 -1
0 1 1 1 1 1 1 1 1 1 1 1 1 1 1 1 1 1 1 1 1 1 1 1 1 1 1 1 1 1 1 -1
339 26 57 60 71 81 90 99 116 173 186 204 253 260 267 274 293 302 309 326 332 337 340 341 342 343 346 352 362 394 399 -1
0 1 1 1 1 1 1 1 1 1 1 1 1 1 1 1 1 1 1 1 1 1 1 1 1 1 1 1 1 1 1 -1
340 19 26 35 81 90 145 173 176 185 186 190 242 253 260 267 271 293 326 332 333 337 339 342 343 345 364 386 393 394 397 -1
0 1 1 1 1 1 1 1 1 1 1 1 1 1 1 1 1 1 1 1 1 1 1 1 1 1 1 1 1 1 1 -1
341 26 81 136 146 186 196 204 260 267 278 284 295 326 334 335 339 344 345 350 352 362 364 376 382 386 387 393 394 395 399 -1
0 1 1 1 1 1 1 1 1 1 1 1 1 1 1 1 1 1 1 1 1 1 1 1 1 1 1 1 1 1 1 -1
342 24 26 90 124 176 186 203 220 242 253 269 293 302 306 326 332 335 337 338 339 340 343 344 345 364 378 386 393 394 397 -1
0 1 1 1 1 1 1 1 1 1 1 1 1 1 1 1 1 1 1 1 1 1 1 1 1 1 1 1 1 1 1 -1
343 57 83 105 130 145 176 185 197 204 250 260 269 274 293 326 332 333 334 335 336 337 338 339 340 342 344 386 393 394 397 -1
0 1 1 1 1 1 1 1 1 1 1 1 1 1 1 1 1 1 1 1 1 1 1 1 1 1 1 1 1 1 1 -1
344 17 28 57 67 87 90 99 176 183 267 269 278 317 326 332 333 334 335 338 341 342 343 345 352 383 387 395 397 398 399 -1
0 1 1 1 1 1 1 1 1 1 1 1 1 1 1 1 1 1 1 1 1 1 1 1 1 1 1 1 1 1 1 -1
345 57 81 90 112 147 173 267 269 274 278 279 293 326 331 335 336 337 340 341 342 344 362 364 371 373 385 387 393 398 399 -1
0 1 1 1 1 1 1 1 1 1 1 1 1 1 1 1 1 1 1 1 1 1 1 1 1 1 1 1 1 1 1 -1
346 6 11 76 78 79 83 85 88 92 93 94 114 124 136 161 185 193 194 196 198 201 227 272 287 339 347 348 350 366 367 -1
0 1 1 1 1 1 1 1 1 1 1 1 1 1 1 1 1 1 1 1 1 1 1 1 1 1 1 1 1 1 1 -1
347 6 8 11 40 52 76 78 79 83 85 86 93 94 178 193 194 196 197 201 227 272 273 276 310 314 346 348 363 369 372 -1
0 1 1 1 1 1 1 1 1 1 1 1 1 1 1 1 1 1 1 1 1 1 1 1 1 1 1 1 1 1 1 -1
348 6 11 40 43 76 78 82 83 85 88 92 93 94 193 194 196 197 198 201 220 227 251 267 273 294 346 347 363 367 378 -1
0 1 1 1 1 1 1 1 1 1 1 1 1 1 1 1 1 1 1 1 1 1 1 1 1 1 1 1 1 1 1 -1
349 9 40 76 159 169 178 202 211 237 238 249 252 257 287 292 309 311 312 315 316 317 318 320 321 323 324 351 374 380 389 -1
0 1 1 1 1 1 1 1 1 1 1 1 1 1 1 1 1 1 1 1 1 1 1 1 1 1 1 1 1 1 1 -1
350 6 11 67 70 76 78 83 85 86 92 93 94 120 161 194 196 197 198 201 227 240 244 273 278 314 341 346 367 372 388 -1
0 1 1 1 1 1 1 1 1 1 1 1 1 1 1 1 1 1 1 1 1 1 1 1 1 1 1 1 1 1 1 -1
351 40 76 107 159 211 233 237 252 276 293 299 306 309 311 314 315 316 317 318 319 320 321 322 324 335 349 374 380 389 390 -1
0 1 1 1 1 1 1 1 1 1 1 1 1 1 1 1 1 1 1 1 1 1 1 1 1 1 1 1 1 1 1 -1
352 81 90 102 124 185 204 253 269 278 306 312 315 331 332 333 334 336 337 338 339 341 344 362 364 367 383 386 387 395 397 -1
0 1 1 1 1 1 1 1 1 1 1 1 1 1 1 1 1 1 1 1 1 1 1 1 1 1 1 1 1 1 1 -1
353 34 43 84 87 101 109 114 116 124 125 127 139 145 160 180 181 183 189 209 219 224 229 264 285 289 304 305 313 354 369 -1
0 1 1 1 1 1 1 1 1 1 1 1 1 1 1 1 1 1 1 1 1 1 1 1 1 1 1 1 1 1 1 -1
354 10 69 89 91 124 127 130 133 135 137 139 140 142 145 146 147 148 180 181 182 183 184 190 224 285 298 299 330 353 356 -1
0 1 1 1 1 1 1 1 1 1 1 1 1 1 1 1 1 1 1 1 1 1 1 1 1 1 1 1 1 1 1 -1
355 8 14 19 20 22 23 24 32 36 37 44 45 49 52 56 65 67 74 77 86 163 192 254 280 307 310 356 357 369 379 -1
0 1 1 1 1 1 1 1 1 1 1 1 1 1 1 1 1 1 1 1 1 1 1 1 1 1 1 1 1 1 1 -1
356 32 34 36 37 39 41 43 45 46 49 50 51 52 55 56 67 77 82 96 128 133 136 268 297 327 331 354 355 357 379 -1
0 1 1 1 1 1 1 1 1 1 1 1 1 1 1 1 1 1 1 1 1 1 1 1 1 1 1 1 1 1 1 -1
357 15 32 34 36 37 39 42 44 47 48 50 52 53 54 55 60 64 77 82 107 128 201 222 267 280 297 355 356 370 376 -1
0 1 1 1 1 1 1 1 1 1 1 1 1 1 1 1 1 1 1 1 1 1 1 1 1 1 1 1 1 1 1 -1
358 9 13 59 68 141 143 144 159 210 232 235 236 238 239 240 241 242 244 248 249 283 286 287 331 337 359 360 388 391 392 -1
0 1 1 1 1 1 1 1 1 1 1 1 1 1 1 1 1 1 1 1 1 1 1 1 1 1 1 1 1 1 1 -1
359 16 54 103 144 219 232 234 235 238 239 240 241 242 244 247 250 251 277 282 283 286 287 320 336 358 360 361 383 388 390 -1
0 1 1 1 1 1 1 1 1 1 1 1 1 1 1 1 1 1 1 1 1 1 1 1 1 1 1 1 1 1 1 -1
360 43 59 68 103 118 134 141 144 232 233 234 235 236 239 248 251 262 283 284 287 358 359 361 365 375 381 388 390 391 392 -1
0 1 1 1 1 1 1 1 1 1 1 1 1 1 1 1 1 1 1 1 1 1 1 1 1 1 1 1 1 1 1 -1
361 68 103 107 131 134 189 195 217 221 232 234 236 238 239 240 241 242 244 245 249 250 251 283 284 286 287 359 360 383 392 -1
0 1 1 1 1 1 1 1 1 1 1 1 1 1 1 1 1 1 1 1 1 1 1 1 1 1 1 1 1 1 1 -1
362 19 26 57 90 91 137 173 185 204 250 251 267 293 295 302 308 334 336 338 339 341 345 352 378 387 393 395 397 398 399 -1
0 1 1 1 1 1 1 1 1 1 1 1 1 1 1 1 1 1 1 1 1 1 1 1 1 1 1 1 1 1 1 -1
363 11 25 46 79 83 85 86 88 92 93 94 130 139 156 161 193 194 196 197 198 201 227 267 272 273 331 347 348 367 372 -1
0 1 1 1 1 1 1 1 1 1 1 1 1 1 1 1 1 1 1 1 1 1 1 1 1 1 1 1 1 1 1 -1
364 81 87 153 173 186 204 209 227 253 260 267 290 293 331 332 333 335 336 340 341 342 345 352 367 378 386 393 394 395 398 -1
0 1 1 1 1 1 1 1 1 1 1 1 1 1 1 1 1 1 1 1 1 1 1 1 1 1 1 1 1 1 1 -1
365 65 66 73 80 138 168 184 203 208 209 210 216 217 218 219 220 221 222 223 224 225 226 228 229 267 305 307 313 360 369 -1
0 1 1 1 1 1 1 1 1 1 1 1 1 1 1 1 1 1 1 1 1 1 1 1 1 1 1 1 1 1 1 -1
366 12 150 151 152 153 155 158 161 162 163 165 168 169 170 171 172 175 192 195 237 271 346 371 377 378 381 382 384 385 397 -1
0 1 1 1 1 1 1 1 1 1 1 1 1 1 1 1 1 1 1 1 1 1 1 1 1 1 1 1 1 1 1 -1
367 11 85 94 128 151 152 153 156 157 167 168 174 175 188 193 197 227 246 261 272 276 280 346 348 350 352 363 364 377 381 -1
0 1 1 1 1 1 1 1 1 1 1 1 1 1 1 1 1 1 1 1 1 1 1 1 1 1 1 1 1 1 1 -1
368 29 159 170 172 178 193 202 208 237 242 252 280 292 306 308 309 310 313 314 315 316 317 318 319 320 321 323 324 374 389 -1
0 1 1 1 1 1 1 1 1 1 1 1 1 1 1 1 1 1 1 1 1 1 1 1 1 1 1 1 1 1 1 -1
369 10 66 98 139 160 164 180 184 208 209 210 215 216 219 220 222 223 224 225 226 229 291 296 304 305 307 347 353 355 365 -1
0 1 1 1 1 1 1 1 1 1 1 1 1 1 1 1 1 1 1 1 1 1 1 1 1 1 1 1 1 1 1 -1
370 10 37 39 43 47 48 55 56 60 66 80 82 97 108 163 196 208 215 218 219 225 226 228 264 268 296 305 331 335 357 -1
0 1 1 1 1 1 1 1 1 1 1 1 1 1 1 1 1 1 1 1 1 1 1 1 1 1 1 1 1 1 1 -1
371 33 120 141 153 154 155 156 158 164 166 167 170 171 172 174 175 192 195 200 202 208 212 246 327 345 366 377 381 382 389 -1
0 1 1 1 1 1 1 1 1 1 1 1 1 1 1 1 1 1 1 1 1 1 1 1 1 1 1 1 1 1 1 -1
372 8 12 13 19 23 24 25 27 28 33 55 67 68 72 73 78 79 83 88 92 93 94 166 173 196 201 334 347 350 363 -1
0 1 1 1 1 1 1 1 1 1 1 1 1 1 1 1 1 1 1 1 1 1 1 1 1 1 1 1 1 1 1 -1
373 40 44 58 87 108 117 187 188 199 212 213 243 268 270 271 275 277 279 281 288 289 290 291 294 300 303 331 345 375 396 -1
0 1 1 1 1 1 1 1 1 1 1 1 1 1 1 1 1 1 1 1 1 1 1 1 1 1 1 1 1 1 1 -1
374 14 40 108 120 126 166 178 182 237 252 288 292 306 308 310 311 315 316 317 318 319 320 321 323 324 349 351 368 380 389 -1
0 1 1 1 1 1 1 1 1 1 1 1 1 1 1 1 1 1 1 1 1 1 1 1 1 1 1 1 1 1 1 -1
375 18 21 87 117 146 187 199 212 213 257 268 270 275 281 288 289 291 294 303 328 330 338 360 373 376 380 388 392 395 396 -1
0 1 1 1 1 1 1 1 1 1 1 1 1 1 1 1 1 1 1 1 1 1 1 1 1 1 1 1 1 1 1 -1
376 32 34 36 37 38 39 41 42 43 44 48 49 51 52 53 54 58 60 80 82 121 136 143 297 299 331 341 357 375 390 -1
0 1 1 1 1 1 1 1 1 1 1 1 1 1 1 1 1 1 1 1 1 1 1 1 1 1 1 1 1 1 1 -1
377 14 44 79 150 151 152 153 154 155 156 158 162 163 164 165 167 171 172 175 192 196 210 240 246 327 366 367 371 384 385 -1
0 1 1 1 1 1 1 1 1 1 1 1 1 1 1 1 1 1 1 1 1 1 1 1 1 1 1 1 1 1 1 -1
378 3 5 78 85 92 129 153 186 193 194 198 201 202 258 260 269 272 273 276 280 302 342 348 362 364 366 382 383 386 399 -1
0 1 1 1 1 1 1 1 1 1 1 1 1 1 1 1 1 1 1 1 1 1 1 1 1 1 1 1 1 1 1 -1
379 5 7 23 27 28 30 40 58 61 63 71 73 74 80 89 100 101 104 107 120 179 188 261 262 263 280 296 355 356 391 -1
0 1 1 1 1 1 1 1 1 1 1 1 1 1 1 1 1 1 1 1 1 1 1 1 1 1 1 1 1 1 1 -1
380 23 40 61 159 193 202 203 211 218 233 237 280 299 308 309 310 311 312 313 316 317 318 319 320 334 349 351 374 375 389 -1
0 1 1 1 1 1 1 1 1 1 1 1 1 1 1 1 1 1 1 1 1 1 1 1 1 1 1 1 1 1 1 -1
381 33 85 150 151 152 153 156 157 158 162 164 166 167 169 171 172 174 175 186 200 275 299 307 360 366 367 371 382 384 385 -1
0 1 1 1 1 1 1 1 1 1 1 1 1 1 1 1 1 1 1 1 1 1 1 1 1 1 1 1 1 1 1 -1
382 26 33 34 57 150 154 156 157 165 171 173 175 176 185 187 204 220 225 228 258 269 341 366 371 378 381 384 389 393 397 -1
0 1 1 1 1 1 1 1 1 1 1 1 1 1 1 1 1 1 1 1 1 1 1 1 1 1 1 1 1 1 1 -1
383 4 8 17 57 90 115 118 141 176 185 234 236 241 244 245 250 252 283 302 321 322 336 344 352 359 361 378 391 394 395 -1
0 1 1 1 1 1 1 1 1 1 1 1 1 1 1 1 1 1 1 1 1 1 1 1 1 1 1 1 1 1 1 -1
384 57 141 150 152 153 154 155 156 161 162 164 165 166 169 170 171 172 175 192 195 198 226 257 261 298 366 377 381 382 385 -1
0 1 1 1 1 1 1 1 1 1 1 1 1 1 1 1 1 1 1 1 1 1 1 1 1 1 1 1 1 1 1 -1
385 15 51 151 152 153 154 155 157 158 162 163 166 168 169 170 174 175 192 195 200 246 294 300 327 345 366 377 381 384 396 -1
0 1 1 1 1 1 1 1 1 1 1 1 1 1 1 1 1 1 1 1 1 1 1 1 1 1 1 1 1 1 1 -1
386 34 57 78 90 94 176 181 235 258 274 282 293 295 331 332 333 334 338 340 341 342 343 352 364 378 387 393 397 398 399 -1
0 1 1 1 1 1 1 1 1 1 1 1 1 1 1 1 1 1 1 1 1 1 1 1 1 1 1 1 1 1 1 -1
387 81 125 170 173 176 181 185 186 188 235 253 258 269 274 293 302 319 332 334 335 337 341 344 345 352 362 386 395 397 398 -1
0 1 1 1 1 1 1 1 1 1 1 1 1 1 1 1 1 1 1 1 1 1 1 1 1 1 1 1 1 1 1 -1
388 60 71 87 112 144 187 199 212 226 235 236 238 241 243 244 251 271 279 282 283 286 292 300 303 330 350 358 359 360 375 -1
0 1 1 1 1 1 1 1 1 1 1 1 1 1 1 1 1 1 1 1 1 1 1 1 1 1 1 1 1 1 1 -1
389 38 79 108 159 198 202 203 237 252 302 306 308 309 311 315 317 319 320 321 322 323 324 349 351 368 371 374 380 382 399 -1
0 1 1 1 1 1 1 1 1 1 1 1 1 1 1 1 1 1 1 1 1 1 1 1 1 1 1 1 1 1 1 -1
390 16 59 60 68 103 134 141 144 234 236 237 239 242 244 245 247 249 250 283 284 286 287 308 332 351 359 360 376 391 392 -1
0 1 1 1 1 1 1 1 1 1 1 1 1 1 1 1 1 1 1 1 1 1 1 1 1 1 1 1 1 1 1 -1
391 9 16 30 59 68 80 103 196 200 235 236 238 240 242 244 245 247 249 250 251 283 286 287 358 360 379 383 390 392 399 -1
0 1 1 1 1 1 1 1 1 1 1 1 1 1 1 1 1 1 1 1 1 1 1 1 1 1 1 1 1 1 1 -1
392 45 52 58 62 86 134 144 155 161 168 187 235 248 250 251 271 277 281 283 284 289 294 330 358 360 361 375 390 391 396 -1
0 1 1 1 1 1 1 1 1 1 1 1 1 1 1 1 1 1 1 1 1 1 1 1 1 1 1 1 1 1 1 -1
393 19 26 43 52 81 169 173 176 186 234 253 260 269 302 305 332 334 336 338 340 341 342 343 345 362 364 382 386 394 398 -1
0 1 1 1 1 1 1 1 1 1 1 1 1 1 1 1 1 1 1 1 1 1 1 1 1 1 1 1 1 1 1 -1
394 26 38 57 81 90 94 165 185 204 253 260 269 274 283 324 327 331 333 334 335 338 339 340 341 342 343 364 383 393 395 -1
0 1 1 1 1 1 1 1 1 1 1 1 1 1 1 1 1 1 1 1 1 1 1 1 1 1 1 1 1 1 1 -1
395 28 57 81 89 101 164 185 253 269 274 278 293 295 302 311 334 335 337 338 341 344 352 362 364 375 383 387 394 397 399 -1
0 1 1 1 1 1 1 1 1 1 1 1 1 1 1 1 1 1 1 1 1 1 1 1 1 1 1 1 1 1 1 -1
396 18 62 69 87 117 146 154 187 241 243 248 268 270 271 275 277 281 282 289 290 291 294 295 329 330 338 373 375 385 392 -1
0 1 1 1 1 1 1 1 1 1 1 1 1 1 1 1 1 1 1 1 1 1 1 1 1 1 1 1 1 1 1 -1
397 17 81 93 146 157 173 176 186 190 204 252 253 260 274 293 302 333 338 340 342 343 344 352 362 366 382 386 387 395 398 -1
0 1 1 1 1 1 1 1 1 1 1 1 1 1 1 1 1 1 1 1 1 1 1 1 1 1 1 1 1 1 1 -1
398 16 26 57 81 144 146 173 176 185 219 260 278 280 293 295 302 323 332 335 337 338 344 345 362 364 386 387 393 397 399 -1
0 1 1 1 1 1 1 1 1 1 1 1 1 1 1 1 1 1 1 1 1 1 1 1 1 1 1 1 1 1 1 -1
399 17 26 57 68 81 109 144 173 176 253 260 269 272 302 331 333 334 335 336 339 341 344 345 362 378 386 389 391 395 398 -1
0 1 1 1 1 1 1 1 1 1 1 1 1 1 1 1 1 1 1 1 1 1 1 1 1 1 1 1 1 1 1 -1
